TITLE = "SU2 Simulation"
VARIABLES = "Iteration","CL","CD","CSF","CMx","CMy","CMz","CFx","CFy","CFz","CL/CD","AoA","Custom_ObjFunc","Res_Flow[0]","Res_Flow[1]","Res_Flow[2]","Res_Flow[3]","Res_Flow[4]","Linear_Solver_Iterations","CFL_Number","Time(min)"
ZONE T= "Convergence history"
           0, 1.12209567e-01, 1.11098172e-01, 0.00000000e+00, 0.00000000e+00, 0.00000000e+00, 2.27032905e-02, 1.08623894e-01, 1.14606458e-01, 0.00000000e+00, 1.01000372e+00, 1.25000000e+00, 0.00000000e+00, -1.02685981e+00, 1.39637626e+00, -2.64767446e-01, 4.46388819e+00, 0.00000000e+00, 5.0000000000, 4.0000000000, 0.0025552500
           1, 1.37165215e-01, 5.96258826e-02, 0.00000000e+00, 0.00000000e+00, 0.00000000e+00, 2.34915754e-02, 5.66194498e-02, 1.38433305e-01, 0.00000000e+00, 2.30043077e+00, 1.25000000e+00, 0.00000000e+00, -9.37109350e-01, 1.53913274e+00, 1.45886053e+00, 4.57721032e+00, 0.00000000e+00, 5.0000000000, 4.0000000000, 0.0051523833
           2, 1.74010145e-01, 4.40722770e-02, 0.00000000e+00, 0.00000000e+00, 0.00000000e+00, 2.33011499e-02, 4.02657777e-02, 1.74930167e-01, 0.00000000e+00, 3.94829032e+00, 1.25000000e+00, 0.00000000e+00, -1.06961058e+00, 1.42331109e+00, 1.37806502e+00, 4.41268324e+00, 0.00000000e+00, 5.0000000000, 4.0000000000, 0.0077578167
           3, 2.02055474e-01, 3.50346282e-02, 0.00000000e+00, 0.00000000e+00, 0.00000000e+00, 2.47808240e-02, 3.06184740e-02, 2.02771667e-01, 0.00000000e+00, 5.76730751e+00, 1.25000000e+00, 0.00000000e+00, -1.07515655e+00, 1.38088928e+00, 1.37023486e+00, 4.38995071e+00, 0.00000000e+00, 5.0000000000, 4.0000000000, 0.0103205167
           4, 2.28500614e-01, 2.96678673e-02, 0.00000000e+00, 0.00000000e+00, 0.00000000e+00, 2.83765612e-02, 2.46760925e-02, 2.29093439e-01, 0.00000000e+00, 7.70195620e+00, 1.25000000e+00, 0.00000000e+00, -1.09525821e+00, 1.34069117e+00, 1.34023931e+00, 4.36364030e+00, 0.00000000e+00, 5.0000000000, 4.0000000000, 0.0128786667
           5, 2.53864631e-01, 2.63366136e-02, 0.00000000e+00, 0.00000000e+00, 0.00000000e+00, 3.25936702e-02, 2.07923185e-02, 2.54378748e-01, 0.00000000e+00, 9.63922827e+00, 1.25000000e+00, 0.00000000e+00, -1.12692165e+00, 1.27116049e+00, 1.28558767e+00, 4.32191293e+00, 0.00000000e+00, 5.0000000000, 4.0000000000, 0.0154316667
           6, 2.76219682e-01, 2.42450624e-02, 0.00000000e+00, 0.00000000e+00, 0.00000000e+00, 3.63223864e-02, 1.82135921e-02, 2.76682852e-01, 0.00000000e+00, 1.13928221e+01, 1.25000000e+00, 0.00000000e+00, -1.14394881e+00, 1.21190016e+00, 1.23983038e+00, 4.29558812e+00, 0.00000000e+00, 5.0000000000, 4.0000000000, 0.0180276333
           7, 2.94749743e-01, 2.30013510e-02, 0.00000000e+00, 0.00000000e+00, 0.00000000e+00, 3.91075504e-02, 1.65659456e-02, 2.95181373e-01, 0.00000000e+00, 1.28144535e+01, 1.25000000e+00, 0.00000000e+00, -1.16677461e+00, 1.20058428e+00, 1.21730625e+00, 4.27303391e+00, 0.00000000e+00, 5.0000000000, 4.0000000000, 0.0205916333
           8, 3.09330056e-01, 2.22936271e-02, 0.00000000e+00, 0.00000000e+00, 0.00000000e+00, 4.09589715e-02, 1.55403222e-02, 3.09742777e-01, 0.00000000e+00, 1.38752682e+01, 1.25000000e+00, 0.00000000e+00, -1.20722472e+00, 1.18856016e+00, 1.18689046e+00, 4.23515602e+00, 0.00000000e+00, 5.0000000000, 4.0000000000, 0.0231526667
           9, 3.20316953e-01, 2.19318841e-02, 0.00000000e+00, 0.00000000e+00, 0.00000000e+00, 4.20465223e-02, 1.49389874e-02, 3.20719168e-01, 0.00000000e+00, 1.46050814e+01, 1.25000000e+00, 0.00000000e+00, -1.26150011e+00, 1.12870484e+00, 1.12296855e+00, 4.17607267e+00, 0.00000000e+00, 5.0000000000, 4.0000000000, 0.0257058833
          10, 3.28293545e-01, 2.17967522e-02, 0.00000000e+00, 0.00000000e+00, 0.00000000e+00, 4.25169303e-02, 1.46298792e-02, 3.28690914e-01, 0.00000000e+00, 1.50615808e+01, 1.25000000e+00, 0.00000000e+00, -1.31264401e+00, 1.02552462e+00, 1.03772299e+00, 4.11166718e+00, 0.00000000e+00, 5.0000000000, 4.0000000000, 0.0282893167
          11, 3.33846936e-01, 2.18015180e-02, 0.00000000e+00, 0.00000000e+00, 0.00000000e+00, 4.24875713e-02, 1.45134973e-02, 3.34243087e-01, 0.00000000e+00, 1.53130133e+01, 1.25000000e+00, 0.00000000e+00, -1.34733565e+00, 9.38796172e-01, 9.66744799e-01, 4.06663798e+00, 0.00000000e+00, 5.0000000000, 4.0000000000, 0.0308461500
          12, 3.37542116e-01, 2.18804153e-02, 0.00000000e+00, 0.00000000e+00, 0.00000000e+00, 4.20992288e-02, 1.45117659e-02, 3.37939109e-01, 0.00000000e+00, 1.54266778e+01, 1.25000000e+00, 0.00000000e+00, -1.37669831e+00, 9.06477796e-01, 9.31567719e-01, 4.03556676e+00, 0.00000000e+00, 5.0000000000, 4.0000000000, 0.0334004333
          13, 3.39907547e-01, 2.19866599e-02, 0.00000000e+00, 0.00000000e+00, 0.00000000e+00, 4.15056613e-02, 1.45663836e-02, 3.40306295e-01, 0.00000000e+00, 1.54597173e+01, 1.25000000e+00, 0.00000000e+00, -1.41327246e+00, 8.83789990e-01, 9.06669400e-01, 3.99979010e+00, 0.00000000e+00, 5.0000000000, 4.0000000000, 0.0360139333
          14, 3.41372864e-01, 2.20895472e-02, 0.00000000e+00, 0.00000000e+00, 0.00000000e+00, 4.08373654e-02, 1.46372807e-02, 3.41773508e-01, 0.00000000e+00, 1.54540453e+01, 1.25000000e+00, 0.00000000e+00, -1.45710207e+00, 8.37360230e-01, 8.64652386e-01, 3.95331823e+00, 0.00000000e+00, 5.0000000000, 4.0000000000, 0.0386107167
          15, 3.42247536e-01, 2.21732118e-02, 0.00000000e+00, 0.00000000e+00, 0.00000000e+00, 4.01725904e-02, 1.47018446e-02, 3.42649797e-01, 0.00000000e+00, 1.54351809e+01, 1.25000000e+00, 0.00000000e+00, -1.50468244e+00, 7.66650907e-01, 8.02954689e-01, 3.89870324e+00, 0.00000000e+00, 5.0000000000, 4.0000000000, 0.0411603667
          16, 3.42712697e-01, 2.22311789e-02, 0.00000000e+00, 0.00000000e+00, 0.00000000e+00, 3.95332414e-02, 1.47496504e-02, 3.43116111e-01, 0.00000000e+00, 1.54158580e+01, 1.25000000e+00, 0.00000000e+00, -1.55307800e+00, 6.83578567e-01, 7.32703295e-01, 3.84229481e+00, 0.00000000e+00, 5.0000000000, 4.0000000000, 0.0437189667
          17, 3.42874745e-01, 2.22658917e-02, 0.00000000e+00, 0.00000000e+00, 0.00000000e+00, 3.89354842e-02, 1.47808199e-02, 3.43278878e-01, 0.00000000e+00, 1.53991023e+01, 1.25000000e+00, 0.00000000e+00, -1.60135715e+00, 6.03894787e-01, 6.65906002e-01, 3.78883747e+00, 0.00000000e+00, 5.0000000000, 4.0000000000, 0.0462657500
          18, 3.42812027e-01, 2.22860484e-02, 0.00000000e+00, 0.00000000e+00, 0.00000000e+00, 3.84100636e-02, 1.48023399e-02, 3.43216614e-01, 0.00000000e+00, 1.53823604e+01, 1.25000000e+00, 0.00000000e+00, -1.64920907e+00, 5.40217855e-01, 6.08540948e-01, 3.73892490e+00, 0.00000000e+00, 5.0000000000, 4.0000000000, 0.0488245667
          19, 3.42586119e-01, 2.22969620e-02, 0.00000000e+00, 0.00000000e+00, 0.00000000e+00, 3.79772313e-02, 1.48181792e-02, 3.42990998e-01, 0.00000000e+00, 1.53646994e+01, 1.25000000e+00, 0.00000000e+00, -1.69728201e+00, 4.94681758e-01, 5.59259879e-01, 3.68966654e+00, 0.00000000e+00, 5.0000000000, 4.0000000000, 0.0514344500
          20, 3.42246336e-01, 2.22998400e-02, 0.00000000e+00, 0.00000000e+00, 0.00000000e+00, 3.76404980e-02, 1.48284687e-02, 3.42651359e-01, 0.00000000e+00, 1.53474795e+01, 1.25000000e+00, 0.00000000e+00, -1.74627548e+00, 4.55482880e-01, 5.13043704e-01, 3.63908787e+00, 0.00000000e+00, 5.0000000000, 4.0000000000, 0.0540040833
          21, 3.41830126e-01, 2.22950394e-02, 0.00000000e+00, 0.00000000e+00, 0.00000000e+00, 3.73986244e-02, 1.48327489e-02, 3.42235144e-01, 0.00000000e+00, 1.53321158e+01, 1.25000000e+00, 0.00000000e+00, -1.79480823e+00, 4.10708229e-01, 4.64459702e-01, 3.58863780e+00, 0.00000000e+00, 5.0000000000, 4.0000000000, 0.0565579333
          22, 3.41372639e-01, 2.22839953e-02, 0.00000000e+00, 0.00000000e+00, 0.00000000e+00, 3.72457882e-02, 1.48316874e-02, 3.41777524e-01, 0.00000000e+00, 1.53191847e+01, 1.25000000e+00, 0.00000000e+00, -1.84202432e+00, 3.58020792e-01, 4.10229139e-01, 3.53917006e+00, 0.00000000e+00, 5.0000000000, 4.0000000000, 0.0590884500
          23, 3.40905043e-01, 2.22659520e-02, 0.00000000e+00, 0.00000000e+00, 0.00000000e+00, 3.71607518e-02, 1.48238489e-02, 3.41309646e-01, 0.00000000e+00, 1.53105982e+01, 1.25000000e+00, 0.00000000e+00, -1.88778525e+00, 2.99429275e-01, 3.50070503e-01, 3.49107895e+00, 0.00000000e+00, 5.0000000000, 4.0000000000, 0.0616558500
          24, 3.40445116e-01, 2.22407515e-02, 0.00000000e+00, 0.00000000e+00, 0.00000000e+00, 3.71203115e-02, 1.48086878e-02, 3.40849279e-01, 0.00000000e+00, 1.53072667e+01, 1.25000000e+00, 0.00000000e+00, -1.93206629e+00, 2.37713044e-01, 2.86150687e-01, 3.44464935e+00, 0.00000000e+00, 5.0000000000, 4.0000000000, 0.0642115000
          25, 3.40002856e-01, 2.22091519e-02, 0.00000000e+00, 0.00000000e+00, 0.00000000e+00, 3.71018579e-02, 1.47867435e-02, 3.40406434e-01, 0.00000000e+00, 1.53091328e+01, 1.25000000e+00, 0.00000000e+00, -1.97520776e+00, 1.76846232e-01, 2.21913623e-01, 3.39940368e+00, 0.00000000e+00, 5.0000000000, 4.0000000000, 0.0667972000
          26, 3.39579853e-01, 2.21732007e-02, 0.00000000e+00, 0.00000000e+00, 0.00000000e+00, 3.70879073e-02, 1.47600286e-02, 3.39982748e-01, 0.00000000e+00, 1.53148775e+01, 1.25000000e+00, 0.00000000e+00, -2.01762697e+00, 1.20923112e-01, 1.60493661e-01, 3.35482795e+00, 0.00000000e+00, 5.0000000000, 4.0000000000, 0.0694007833
          27, 3.39176246e-01, 2.21351332e-02, 0.00000000e+00, 0.00000000e+00, 0.00000000e+00, 3.70648770e-02, 1.47307748e-02, 3.39578407e-01, 0.00000000e+00, 1.53229819e+01, 1.25000000e+00, 0.00000000e+00, -2.05980203e+00, 7.18052493e-02, 1.03355233e-01, 3.31067086e+00, 0.00000000e+00, 5.0000000000, 4.0000000000, 0.0719655833
          28, 3.38789943e-01, 2.20969168e-02, 0.00000000e+00, 0.00000000e+00, 0.00000000e+00, 3.70237932e-02, 1.47009947e-02, 3.39191362e-01, 0.00000000e+00, 1.53320006e+01, 1.25000000e+00, 0.00000000e+00, -2.10242216e+00, 2.83037697e-02, 4.99049883e-02, 3.26646914e+00, 0.00000000e+00, 5.0000000000, 4.0000000000, 0.0745252500
          29, 3.38417790e-01, 2.20603518e-02, 0.00000000e+00, 0.00000000e+00, 0.00000000e+00, 3.69605689e-02, 1.46725569e-02, 3.38818499e-01, 0.00000000e+00, 1.53405436e+01, 1.25000000e+00, 0.00000000e+00, -2.14582001e+00, -1.24909038e-02, -1.63711256e-03, 3.22203641e+00, 0.00000000e+00, 5.0000000000, 4.0000000000, 0.0770990833
          30, 3.38054452e-01, 2.20267280e-02, 0.00000000e+00, 0.00000000e+00, 0.00000000e+00, 3.68753093e-02, 1.46468672e-02, 3.38454514e-01, 0.00000000e+00, 1.53474657e+01, 1.25000000e+00, 0.00000000e+00, -2.18994428e+00, -5.34688255e-02, -5.31577671e-02, 3.17748445e+00, 0.00000000e+00, 5.0000000000, 4.0000000000, 0.0796747333
          31, 3.37695011e-01, 2.19967751e-02, 0.00000000e+00, 0.00000000e+00, 0.00000000e+00, 3.67723376e-02, 1.46247626e-02, 3.38094506e-01, 0.00000000e+00, 1.53520236e+01, 1.25000000e+00, 0.00000000e+00, -2.23445626e+00, -9.62111234e-02, -1.05631450e-01, 3.13310032e+00, 0.00000000e+00, 5.0000000000, 4.0000000000, 0.0822220667
          32, 3.37336906e-01, 2.19708852e-02, 0.00000000e+00, 0.00000000e+00, 0.00000000e+00, 3.66575122e-02, 1.46066909e-02, 3.37735921e-01, 0.00000000e+00, 1.53538150e+01, 1.25000000e+00, 0.00000000e+00, -2.27874094e+00, -1.40645590e-01, -1.58876026e-01, 3.08936520e+00, 0.00000000e+00, 5.0000000000, 4.0000000000, 0.0848412667
          33, 3.36976512e-01, 2.19486387e-02, 0.00000000e+00, 0.00000000e+00, 0.00000000e+00, 3.65350370e-02, 1.45923117e-02, 3.37375127e-01, 0.00000000e+00, 1.53529572e+01, 1.25000000e+00, 0.00000000e+00, -2.32215649e+00, -1.85935587e-01, -2.12227468e-01, 3.04681982e+00, 0.00000000e+00, 5.0000000000, 4.0000000000, 0.0874237667
          34, 3.36612535e-01, 2.19292018e-02, 0.00000000e+00, 0.00000000e+00, 0.00000000e+00, 3.64075897e-02, 1.45808195e-02, 3.37010813e-01, 0.00000000e+00, 1.53499675e+01, 1.25000000e+00, 0.00000000e+00, -2.36399757e+00, -2.31176068e-01, -2.64886786e-01, 3.00606679e+00, 0.00000000e+00, 5.0000000000, 4.0000000000, 0.0899880333
          35, 3.36244698e-01, 2.19119112e-02, 0.00000000e+00, 0.00000000e+00, 0.00000000e+00, 3.62780956e-02, 1.45715574e-02, 3.36642687e-01, 0.00000000e+00, 1.53452930e+01, 1.25000000e+00, 0.00000000e+00, -2.40364462e+00, -2.75611540e-01, -3.15769493e-01, 2.96750625e+00, 0.00000000e+00, 5.0000000000, 4.0000000000, 0.0925409333
          36, 3.35873710e-01, 2.18960970e-02, 0.00000000e+00, 0.00000000e+00, 0.00000000e+00, 3.61494381e-02, 1.45638399e-02, 3.36271442e-01, 0.00000000e+00, 1.53394329e+01, 1.25000000e+00, 0.00000000e+00, -2.44057194e+00, -3.18810891e-01, -3.64241980e-01, 2.93150239e+00, 0.00000000e+00, 5.0000000000, 4.0000000000, 0.0951032000
          37, 3.35502806e-01, 2.18808605e-02, 0.00000000e+00, 0.00000000e+00, 0.00000000e+00, 3.60236522e-02, 1.45566984e-02, 3.35900293e-01, 0.00000000e+00, 1.53331632e+01, 1.25000000e+00, 0.00000000e+00, -2.47454364e+00, -3.60857704e-01, -4.10665448e-01, 2.89813665e+00, 0.00000000e+00, 5.0000000000, 4.0000000000, 0.0976844833
          38, 3.35134027e-01, 2.18653742e-02, 0.00000000e+00, 0.00000000e+00, 0.00000000e+00, 3.59025085e-02, 1.45492606e-02, 3.35531265e-01, 0.00000000e+00, 1.53271572e+01, 1.25000000e+00, 0.00000000e+00, -2.50586683e+00, -4.02102544e-01, -4.55534120e-01, 2.86688017e+00, 0.00000000e+00, 5.0000000000, 4.0000000000, 0.1002407833
          39, 3.34772164e-01, 2.18491982e-02, 0.00000000e+00, 0.00000000e+00, 0.00000000e+00, 3.57874509e-02, 1.45409824e-02, 3.35169135e-01, 0.00000000e+00, 1.53219427e+01, 1.25000000e+00, 0.00000000e+00, -2.53484285e+00, -4.42877395e-01, -4.99169266e-01, 2.83749804e+00, 0.00000000e+00, 5.0000000000, 4.0000000000, 0.1028401000
          40, 3.34421612e-01, 2.18320530e-02, 0.00000000e+00, 0.00000000e+00, 0.00000000e+00, 3.56792890e-02, 1.45314885e-02, 3.34818293e-01, 0.00000000e+00, 1.53179187e+01, 1.25000000e+00, 0.00000000e+00, -2.56209502e+00, -4.83385955e-01, -5.41951205e-01, 2.80938203e+00, 0.00000000e+00, 5.0000000000, 4.0000000000, 0.1054045333
          41, 3.34085594e-01, 2.18138602e-02, 0.00000000e+00, 0.00000000e+00, 0.00000000e+00, 3.55783984e-02, 1.45206303e-02, 3.34481957e-01, 0.00000000e+00, 1.53152899e+01, 1.25000000e+00, 0.00000000e+00, -2.58805060e+00, -5.23394609e-01, -5.84286556e-01, 2.78222414e+00, 0.00000000e+00, 5.0000000000, 4.0000000000, 0.1079812833
          42, 3.33766191e-01, 2.17947673e-02, 0.00000000e+00, 0.00000000e+00, 0.00000000e+00, 3.54849549e-02, 1.45085097e-02, 3.34162214e-01, 0.00000000e+00, 1.53140515e+01, 1.25000000e+00, 0.00000000e+00, -2.61294551e+00, -5.62703895e-01, -6.26143823e-01, 2.75598304e+00, 0.00000000e+00, 5.0000000000, 4.0000000000, 0.1105420333
          43, 3.33464305e-01, 2.17750114e-02, 0.00000000e+00, 0.00000000e+00, 0.00000000e+00, 3.53987298e-02, 1.44953441e-02, 3.33859969e-01, 0.00000000e+00, 1.53140817e+01, 1.25000000e+00, 0.00000000e+00, -2.63708387e+00, -6.01235139e-01, -6.67105909e-01, 2.73050676e+00, 0.00000000e+00, 5.0000000000, 4.0000000000, 0.1131022500
          44, 3.33179771e-01, 2.17550097e-02, 0.00000000e+00, 0.00000000e+00, 0.00000000e+00, 3.53190188e-02, 1.44815542e-02, 3.33575066e-01, 0.00000000e+00, 1.53150827e+01, 1.25000000e+00, 0.00000000e+00, -2.66062767e+00, -6.39003474e-01, -7.06430019e-01, 2.70579299e+00, 0.00000000e+00, 5.0000000000, 4.0000000000, 0.1156631667
          45, 3.32911732e-01, 2.17351269e-02, 0.00000000e+00, 0.00000000e+00, 0.00000000e+00, 3.52454456e-02, 1.44675233e-02, 3.33306657e-01, 0.00000000e+00, 1.53167605e+01, 1.25000000e+00, 0.00000000e+00, -2.68328596e+00, -6.75815412e-01, -7.43479576e-01, 2.68233544e+00, 0.00000000e+00, 5.0000000000, 4.0000000000, 0.1182422500
          46, 3.32659677e-01, 2.17156045e-02, 0.00000000e+00, 0.00000000e+00, 0.00000000e+00, 3.51782722e-02, 1.44535041e-02, 3.33054237e-01, 0.00000000e+00, 1.53189232e+01, 1.25000000e+00, 0.00000000e+00, -2.70491578e+00, -7.11411407e-01, -7.77843070e-01, 2.66019581e+00, 0.00000000e+00, 5.0000000000, 4.0000000000, 0.1208396333
          47, 3.32423254e-01, 2.16966200e-02, 0.00000000e+00, 0.00000000e+00, 0.00000000e+00, 3.51177622e-02, 1.44396817e-02, 3.32817456e-01, 0.00000000e+00, 1.53214304e+01, 1.25000000e+00, 0.00000000e+00, -2.72547962e+00, -7.45639440e-01, -8.09069634e-01, 2.63934024e+00, 0.00000000e+00, 5.0000000000, 4.0000000000, 0.1233894333
          48, 3.32201950e-01, 2.16783498e-02, 0.00000000e+00, 0.00000000e+00, 0.00000000e+00, 3.50638972e-02, 1.44262436e-02, 3.32595806e-01, 0.00000000e+00, 1.53241346e+01, 1.25000000e+00, 0.00000000e+00, -2.74515980e+00, -7.78314205e-01, -8.37455040e-01, 2.61949839e+00, 0.00000000e+00, 5.0000000000, 4.0000000000, 0.1259471333
          49, 3.31994679e-01, 2.16609215e-02, 0.00000000e+00, 0.00000000e+00, 0.00000000e+00, 3.50158251e-02, 1.44133411e-02, 3.32388204e-01, 0.00000000e+00, 1.53268954e+01, 1.25000000e+00, 0.00000000e+00, -2.76403234e+00, -8.08961607e-01, -8.63614830e-01, 2.60057989e+00, 0.00000000e+00, 5.0000000000, 4.0000000000, 0.1285274000
          50, 3.31799706e-01, 2.16444266e-02, 0.00000000e+00, 0.00000000e+00, 0.00000000e+00, 3.49721075e-02, 1.44011034e-02, 3.32192917e-01, 0.00000000e+00, 1.53295678e+01, 1.25000000e+00, 0.00000000e+00, -2.78221749e+00, -8.37199249e-01, -8.88036515e-01, 2.58236384e+00, 0.00000000e+00, 5.0000000000, 4.0000000000, 0.1310862333
          51, 3.31614951e-01, 2.16289535e-02, 0.00000000e+00, 0.00000000e+00, 0.00000000e+00, 3.49313548e-02, 1.43896643e-02, 3.32007869e-01, 0.00000000e+00, 1.53319924e+01, 1.25000000e+00, 0.00000000e+00, -2.79983333e+00, -8.62760040e-01, -9.11053511e-01, 2.56464007e+00, 0.00000000e+00, 5.0000000000, 4.0000000000, 0.1336540667
          52, 3.31438205e-01, 2.16145058e-02, 0.00000000e+00, 0.00000000e+00, 0.00000000e+00, 3.48922864e-02, 1.43790757e-02, 3.31830850e-01, 0.00000000e+00, 1.53340636e+01, 1.25000000e+00, 0.00000000e+00, -2.81702435e+00, -8.85440439e-01, -9.33293345e-01, 2.54721374e+00, 0.00000000e+00, 5.0000000000, 4.0000000000, 0.1362567000
          53, 3.31267430e-01, 2.16010196e-02, 0.00000000e+00, 0.00000000e+00, 0.00000000e+00, 3.48538257e-02, 1.43693183e-02, 3.31659821e-01, 0.00000000e+00, 1.53357312e+01, 1.25000000e+00, 0.00000000e+00, -2.83399250e+00, -9.05178845e-01, -9.55204950e-01, 2.52983960e+00, 0.00000000e+00, 5.0000000000, 4.0000000000, 0.1388053500
          54, 3.31100923e-01, 2.15884138e-02, 0.00000000e+00, 0.00000000e+00, 0.00000000e+00, 3.48150624e-02, 1.43603478e-02, 3.31493079e-01, 0.00000000e+00, 1.53369732e+01, 1.25000000e+00, 0.00000000e+00, -2.85090120e+00, -9.22253798e-01, -9.76978973e-01, 2.51232151e+00, 0.00000000e+00, 5.0000000000, 4.0000000000, 0.1413635333
          55, 3.30937201e-01, 2.15766326e-02, 0.00000000e+00, 0.00000000e+00, 0.00000000e+00, 3.47751956e-02, 1.43521410e-02, 3.31329138e-01, 0.00000000e+00, 1.53377595e+01, 1.25000000e+00, 0.00000000e+00, -2.86796775e+00, -9.37280646e-01, -9.98515999e-01, 2.49445203e+00, 0.00000000e+00, 5.0000000000, 4.0000000000, 0.1439258500
          56, 3.30775191e-01, 2.15655751e-02, 0.00000000e+00, 0.00000000e+00, 0.00000000e+00, 3.47338704e-02, 1.43446203e-02, 3.31166926e-01, 0.00000000e+00, 1.53381113e+01, 1.25000000e+00, 0.00000000e+00, -2.88535108e+00, -9.51034660e-01, -1.01957537e+00, 2.47612979e+00, 0.00000000e+00, 5.0000000000, 4.0000000000, 0.1464829667
          57, 3.30614186e-01, 2.15551703e-02, 0.00000000e+00, 0.00000000e+00, 0.00000000e+00, 3.46909302e-02, 1.43377303e-02, 3.31005733e-01, 0.00000000e+00, 1.53380457e+01, 1.25000000e+00, 0.00000000e+00, -2.90325754e+00, -9.64303574e-01, -1.03997069e+00, 2.45718028e+00, 0.00000000e+00, 5.0000000000, 4.0000000000, 0.1490468500
          58, 3.30453993e-01, 2.15453593e-02, 0.00000000e+00, 0.00000000e+00, 0.00000000e+00, 3.46465985e-02, 1.43314163e-02, 3.30845363e-01, 0.00000000e+00, 1.53375949e+01, 1.25000000e+00, 0.00000000e+00, -2.92179320e+00, -9.77859209e-01, -1.05938178e+00, 2.43759490e+00, 0.00000000e+00, 5.0000000000, 4.0000000000, 0.1516024667
          59, 3.30294831e-01, 2.15360918e-02, 0.00000000e+00, 0.00000000e+00, 0.00000000e+00, 3.46014851e-02, 1.43256231e-02, 3.30686037e-01, 0.00000000e+00, 1.53368045e+01, 1.25000000e+00, 0.00000000e+00, -2.94087797e+00, -9.92151318e-01, -1.07776668e+00, 2.41760834e+00, 0.00000000e+00, 5.0000000000, 4.0000000000, 0.1542070000
          60, 3.30137024e-01, 2.15272651e-02, 0.00000000e+00, 0.00000000e+00, 0.00000000e+00, 3.45556839e-02, 1.43202410e-02, 3.30528075e-01, 0.00000000e+00, 1.53357625e+01, 1.25000000e+00, 0.00000000e+00, -2.96050782e+00, -1.00712490e+00, -1.09489867e+00, 2.39732363e+00, 0.00000000e+00, 5.0000000000, 4.0000000000, 0.1567668500
          61, 3.29980991e-01, 2.15188075e-02, 0.00000000e+00, 0.00000000e+00, 0.00000000e+00, 3.45096329e-02, 1.43151892e-02, 3.30371895e-01, 0.00000000e+00, 1.53345389e+01, 1.25000000e+00, 0.00000000e+00, -2.98071205e+00, -1.02320907e+00, -1.11094890e+00, 2.37667274e+00, 0.00000000e+00, 5.0000000000, 4.0000000000, 0.1593621667
          62, 3.29827429e-01, 2.15107093e-02, 0.00000000e+00, 0.00000000e+00, 0.00000000e+00, 3.44639149e-02, 1.43104429e-02, 3.30218193e-01, 0.00000000e+00, 1.53331731e+01, 1.25000000e+00, 0.00000000e+00, -3.00133149e+00, -1.04060920e+00, -1.12632364e+00, 2.35582442e+00, 0.00000000e+00, 5.0000000000, 4.0000000000, 0.1619246000
          63, 3.29677112e-01, 2.15029626e-02, 0.00000000e+00, 0.00000000e+00, 0.00000000e+00, 3.44191274e-02, 1.43059772e-02, 3.30067743e-01, 0.00000000e+00, 1.53317066e+01, 1.25000000e+00, 0.00000000e+00, -3.02219273e+00, -1.05913773e+00, -1.14134922e+00, 2.33500309e+00, 0.00000000e+00, 5.0000000000, 4.0000000000, 0.1644859500
          64, 3.29530842e-01, 2.14955413e-02, 0.00000000e+00, 0.00000000e+00, 0.00000000e+00, 3.43758080e-02, 1.43017485e-02, 3.29921346e-01, 0.00000000e+00, 1.53301951e+01, 1.25000000e+00, 0.00000000e+00, -3.04306650e+00, -1.07846775e+00, -1.15618441e+00, 2.31445492e+00, 0.00000000e+00, 5.0000000000, 4.0000000000, 0.1670668167
          65, 3.29389333e-01, 2.14884164e-02, 0.00000000e+00, 0.00000000e+00, 0.00000000e+00, 3.43343389e-02, 1.42977123e-02, 3.29779715e-01, 0.00000000e+00, 1.53286928e+01, 1.25000000e+00, 0.00000000e+00, -3.06374642e+00, -1.09836560e+00, -1.17096783e+00, 2.29434223e+00, 0.00000000e+00, 5.0000000000, 4.0000000000, 0.1696267500
          66, 3.29253118e-01, 2.14815766e-02, 0.00000000e+00, 0.00000000e+00, 0.00000000e+00, 3.42948877e-02, 1.42938456e-02, 3.29643383e-01, 0.00000000e+00, 1.53272325e+01, 1.25000000e+00, 0.00000000e+00, -3.08399510e+00, -1.11859968e+00, -1.18596480e+00, 2.27484615e+00, 0.00000000e+00, 5.0000000000, 4.0000000000, 0.1722063000
          67, 3.29122570e-01, 2.14750011e-02, 0.00000000e+00, 0.00000000e+00, 0.00000000e+00, 3.42575791e-02, 1.42901196e-02, 3.29512723e-01, 0.00000000e+00, 1.53258465e+01, 1.25000000e+00, 0.00000000e+00, -3.10369104e+00, -1.13899237e+00, -1.20133145e+00, 2.25596247e+00, 0.00000000e+00, 5.0000000000, 4.0000000000, 0.1747768333
          68, 3.28997940e-01, 2.14686601e-02, 0.00000000e+00, 0.00000000e+00, 0.00000000e+00, 3.42225024e-02, 1.42864989e-02, 3.29387984e-01, 0.00000000e+00, 1.53245679e+01, 1.25000000e+00, 0.00000000e+00, -3.12276690e+00, -1.15931170e+00, -1.21720336e+00, 2.23762484e+00, 0.00000000e+00, 5.0000000000, 4.0000000000, 0.1773663000
          69, 3.28879317e-01, 2.14625390e-02, 0.00000000e+00, 0.00000000e+00, 0.00000000e+00, 3.41895850e-02, 1.42829670e-02, 3.29269255e-01, 0.00000000e+00, 1.53234115e+01, 1.25000000e+00, 0.00000000e+00, -3.14117395e+00, -1.17917437e+00, -1.23334587e+00, 2.21979446e+00, 0.00000000e+00, 5.0000000000, 4.0000000000, 0.1799200833
          70, 3.28766629e-01, 2.14566238e-02, 0.00000000e+00, 0.00000000e+00, 0.00000000e+00, 3.41587223e-02, 1.42795115e-02, 3.29156465e-01, 0.00000000e+00, 1.53223840e+01, 1.25000000e+00, 0.00000000e+00, -3.15903072e+00, -1.19861296e+00, -1.25004889e+00, 2.20226706e+00, 0.00000000e+00, 5.0000000000, 4.0000000000, 0.1824740000
          71, 3.28659722e-01, 2.14508954e-02, 0.00000000e+00, 0.00000000e+00, 0.00000000e+00, 3.41298119e-02, 1.42761167e-02, 3.29049459e-01, 0.00000000e+00, 1.53214920e+01, 1.25000000e+00, 0.00000000e+00, -3.17655696e+00, -1.21762360e+00, -1.26719503e+00, 2.18477949e+00, 0.00000000e+00, 5.0000000000, 4.0000000000, 0.1850406333
          72, 3.28558367e-01, 2.14453824e-02, 0.00000000e+00, 0.00000000e+00, 0.00000000e+00, 3.41028654e-02, 1.42728160e-02, 3.28948008e-01, 0.00000000e+00, 1.53207045e+01, 1.25000000e+00, 0.00000000e+00, -3.19395691e+00, -1.23624696e+00, -1.28496576e+00, 2.16715368e+00, 0.00000000e+00, 5.0000000000, 4.0000000000, 0.1876550667
          73, 3.28462248e-01, 2.14400423e-02, 0.00000000e+00, 0.00000000e+00, 0.00000000e+00, 3.40775251e-02, 1.42695739e-02, 3.28851795e-01, 0.00000000e+00, 1.53200374e+01, 1.25000000e+00, 0.00000000e+00, -3.21294099e+00, -1.25347727e+00, -1.30334119e+00, 2.14750583e+00, 0.00000000e+00, 5.0000000000, 4.0000000000, 0.1902171500
          74, 3.28370860e-01, 2.14348574e-02, 0.00000000e+00, 0.00000000e+00, 0.00000000e+00, 3.40534884e-02, 1.42663839e-02, 3.28760316e-01, 0.00000000e+00, 1.53194796e+01, 1.25000000e+00, 0.00000000e+00, -3.23189193e+00, -1.27077025e+00, -1.32130346e+00, 2.12826141e+00, 0.00000000e+00, 5.0000000000, 4.0000000000, 0.1927680500
          75, 3.28283802e-01, 2.14298304e-02, 0.00000000e+00, 0.00000000e+00, 0.00000000e+00, 3.40306638e-02, 1.42632573e-02, 3.28673169e-01, 0.00000000e+00, 1.53190107e+01, 1.25000000e+00, 0.00000000e+00, -3.25079114e+00, -1.28786927e+00, -1.33894985e+00, 2.10896852e+00, 0.00000000e+00, 5.0000000000, 4.0000000000, 0.1953278667
          76, 3.28200725e-01, 2.14249617e-02, 0.00000000e+00, 0.00000000e+00, 0.00000000e+00, 3.40090050e-02, 1.42602021e-02, 3.28590005e-01, 0.00000000e+00, 1.53186143e+01, 1.25000000e+00, 0.00000000e+00, -3.26971017e+00, -1.30516998e+00, -1.35716052e+00, 2.08947486e+00, 0.00000000e+00, 5.0000000000, 4.0000000000, 0.1979052833
          77, 3.28121310e-01, 2.14202446e-02, 0.00000000e+00, 0.00000000e+00, 0.00000000e+00, 3.39884186e-02, 1.42572185e-02, 3.28510506e-01, 0.00000000e+00, 1.53182803e+01, 1.25000000e+00, 0.00000000e+00, -3.28884023e+00, -1.32318490e+00, -1.37659362e+00, 2.06962653e+00, 0.00000000e+00, 5.0000000000, 4.0000000000, 0.2004851000
          78, 3.28045158e-01, 2.14156804e-02, 0.00000000e+00, 0.00000000e+00, 0.00000000e+00, 3.39687565e-02, 1.42543166e-02, 3.28434273e-01, 0.00000000e+00, 1.53179891e+01, 1.25000000e+00, 0.00000000e+00, -3.30857269e+00, -1.34230733e+00, -1.39718058e+00, 2.04902244e+00, 0.00000000e+00, 5.0000000000, 4.0000000000, 0.2030476667
          79, 3.27972026e-01, 2.14112728e-02, 0.00000000e+00, 0.00000000e+00, 0.00000000e+00, 3.39499673e-02, 1.42515055e-02, 3.28361062e-01, 0.00000000e+00, 1.53177267e+01, 1.25000000e+00, 0.00000000e+00, -3.32858791e+00, -1.36174228e+00, -1.41921084e+00, 2.02825296e+00, 0.00000000e+00, 5.0000000000, 4.0000000000, 0.2056546000
          80, 3.27901694e-01, 2.14070159e-02, 0.00000000e+00, 0.00000000e+00, 0.00000000e+00, 3.39320030e-02, 1.42487838e-02, 3.28290654e-01, 0.00000000e+00, 1.53174873e+01, 1.25000000e+00, 0.00000000e+00, -3.34878018e+00, -1.38081274e+00, -1.44289300e+00, 2.00745905e+00, 0.00000000e+00, 5.0000000000, 4.0000000000, 0.2082271000
          81, 3.27833928e-01, 2.14029079e-02, 0.00000000e+00, 0.00000000e+00, 0.00000000e+00, 3.39147714e-02, 1.42461551e-02, 3.28222815e-01, 0.00000000e+00, 1.53172611e+01, 1.25000000e+00, 0.00000000e+00, -3.36915422e+00, -1.40017669e+00, -1.46769711e+00, 1.98662079e+00, 0.00000000e+00, 5.0000000000, 4.0000000000, 0.2108330167
          82, 3.27768501e-01, 2.13989495e-02, 0.00000000e+00, 0.00000000e+00, 0.00000000e+00, 3.38981733e-02, 1.42436250e-02, 3.28157316e-01, 0.00000000e+00, 1.53170370e+01, 1.25000000e+00, 0.00000000e+00, -3.38960587e+00, -1.41983410e+00, -1.49307639e+00, 1.96586561e+00, 0.00000000e+00, 5.0000000000, 4.0000000000, 0.2134318000
          83, 3.27705226e-01, 2.13951355e-02, 0.00000000e+00, 0.00000000e+00, 0.00000000e+00, 3.38821285e-02, 1.42411922e-02, 3.28093974e-01, 0.00000000e+00, 1.53168100e+01, 1.25000000e+00, 0.00000000e+00, -3.41001593e+00, -1.43969059e+00, -1.51863426e+00, 1.94531941e+00, 0.00000000e+00, 5.0000000000, 4.0000000000, 0.2160579333
          84, 3.27643957e-01, 2.13914567e-02, 0.00000000e+00, 0.00000000e+00, 0.00000000e+00, 3.38665954e-02, 1.42388509e-02, 3.28032639e-01, 0.00000000e+00, 1.53165799e+01, 1.25000000e+00, 0.00000000e+00, -3.43027032e+00, -1.45960862e+00, -1.54404981e+00, 1.92506737e+00, 0.00000000e+00, 5.0000000000, 4.0000000000, 0.2186551833
          85, 3.27584594e-01, 2.13879067e-02, 0.00000000e+00, 0.00000000e+00, 0.00000000e+00, 3.38515415e-02, 1.42365967e-02, 3.27973213e-01, 0.00000000e+00, 1.53163467e+01, 1.25000000e+00, 0.00000000e+00, -3.45021561e+00, -1.47944354e+00, -1.56889656e+00, 1.90523535e+00, 0.00000000e+00, 5.0000000000, 4.0000000000, 0.2212265000
          86, 3.27527070e-01, 2.13844838e-02, 0.00000000e+00, 0.00000000e+00, 0.00000000e+00, 3.38369318e-02, 1.42344295e-02, 3.27915628e-01, 0.00000000e+00, 1.53161083e+01, 1.25000000e+00, 0.00000000e+00, -3.46974939e+00, -1.49906480e+00, -1.59270940e+00, 1.88589044e+00, 0.00000000e+00, 5.0000000000, 4.0000000000, 0.2237927833
          87, 3.27471349e-01, 2.13811886e-02, 0.00000000e+00, 0.00000000e+00, 0.00000000e+00, 3.38227431e-02, 1.42323506e-02, 3.27859848e-01, 0.00000000e+00, 1.53158627e+01, 1.25000000e+00, 0.00000000e+00, -3.48883471e+00, -1.51835260e+00, -1.61499948e+00, 1.86702000e+00, 0.00000000e+00, 5.0000000000, 4.0000000000, 0.2263413500
          88, 3.27417423e-01, 2.13780265e-02, 0.00000000e+00, 0.00000000e+00, 0.00000000e+00, 3.38089506e-02, 1.42303656e-02, 3.27805866e-01, 0.00000000e+00, 1.53156057e+01, 1.25000000e+00, 0.00000000e+00, -3.50749906e+00, -1.53723984e+00, -1.63543234e+00, 1.84855516e+00, 0.00000000e+00, 5.0000000000, 4.0000000000, 0.2289431167
          89, 3.27365335e-01, 2.13749963e-02, 0.00000000e+00, 0.00000000e+00, 0.00000000e+00, 3.37955816e-02, 1.42284725e-02, 3.27753724e-01, 0.00000000e+00, 1.53153399e+01, 1.25000000e+00, 0.00000000e+00, -3.52581998e+00, -1.55567595e+00, -1.65368054e+00, 1.83038294e+00, 0.00000000e+00, 5.0000000000, 4.0000000000, 0.2315062667
          90, 3.27315171e-01, 2.13720953e-02, 0.00000000e+00, 0.00000000e+00, 0.00000000e+00, 3.37826881e-02, 1.42266665e-02, 3.27703509e-01, 0.00000000e+00, 1.53150716e+01, 1.25000000e+00, 0.00000000e+00, -3.54387974e+00, -1.57368640e+00, -1.66981684e+00, 1.81239944e+00, 0.00000000e+00, 5.0000000000, 4.0000000000, 0.2340578333
          91, 3.27267039e-01, 2.13693260e-02, 0.00000000e+00, 0.00000000e+00, 0.00000000e+00, 3.37703096e-02, 1.42249479e-02, 3.27655327e-01, 0.00000000e+00, 1.53148040e+01, 1.25000000e+00, 0.00000000e+00, -3.56177974e+00, -1.59134024e+00, -1.68390894e+00, 1.79449626e+00, 0.00000000e+00, 5.0000000000, 4.0000000000, 0.2366107500
          92, 3.27221049e-01, 2.13666925e-02, 0.00000000e+00, 0.00000000e+00, 0.00000000e+00, 3.37584847e-02, 1.42233183e-02, 3.27609291e-01, 0.00000000e+00, 1.53145391e+01, 1.25000000e+00, 0.00000000e+00, -3.57963804e+00, -1.60865921e+00, -1.69608761e+00, 1.77656736e+00, 0.00000000e+00, 5.0000000000, 4.0000000000, 0.2391992000
          93, 3.27177316e-01, 2.13641975e-02, 0.00000000e+00, 0.00000000e+00, 0.00000000e+00, 3.37472596e-02, 1.42217779e-02, 3.27565515e-01, 0.00000000e+00, 1.53142806e+01, 1.25000000e+00, 0.00000000e+00, -3.59757768e+00, -1.62563017e+00, -1.70689246e+00, 1.75850598e+00, 0.00000000e+00, 5.0000000000, 4.0000000000, 0.2417630500
          94, 3.27135951e-01, 2.13618438e-02, 0.00000000e+00, 0.00000000e+00, 0.00000000e+00, 3.37366763e-02, 1.42203271e-02, 3.27524108e-01, 0.00000000e+00, 1.53140316e+01, 1.25000000e+00, 0.00000000e+00, -3.61571929e+00, -1.64228815e+00, -1.71700788e+00, 1.74020110e+00, 0.00000000e+00, 5.0000000000, 4.0000000000, 0.2443275333
          95, 3.27097047e-01, 2.13596351e-02, 0.00000000e+00, 0.00000000e+00, 0.00000000e+00, 3.37267653e-02, 1.42189676e-02, 3.27485165e-01, 0.00000000e+00, 1.53137937e+01, 1.25000000e+00, 0.00000000e+00, -3.63418291e+00, -1.65870756e+00, -1.72703633e+00, 1.72154406e+00, 0.00000000e+00, 5.0000000000, 4.0000000000, 0.2468982000
          96, 3.27060681e-01, 2.13575746e-02, 0.00000000e+00, 0.00000000e+00, 0.00000000e+00, 3.37175505e-02, 1.42177010e-02, 3.27448762e-01, 0.00000000e+00, 1.53135684e+01, 1.25000000e+00, 0.00000000e+00, -3.65307181e+00, -1.67493913e+00, -1.73756344e+00, 1.70245062e+00, 0.00000000e+00, 5.0000000000, 4.0000000000, 0.2494882500
          97, 3.27026909e-01, 2.13556633e-02, 0.00000000e+00, 0.00000000e+00, 0.00000000e+00, 3.37090525e-02, 1.42165268e-02, 3.27414957e-01, 0.00000000e+00, 1.53133576e+01, 1.25000000e+00, 0.00000000e+00, -3.67248417e+00, -1.69106867e+00, -1.74898761e+00, 1.68284745e+00, 0.00000000e+00, 5.0000000000, 4.0000000000, 0.2520603333
          98, 3.26995765e-01, 2.13539017e-02, 0.00000000e+00, 0.00000000e+00, 0.00000000e+00, 3.37012817e-02, 1.42154450e-02, 3.27383782e-01, 0.00000000e+00, 1.53131624e+01, 1.25000000e+00, 0.00000000e+00, -3.69248332e+00, -1.70719812e+00, -1.76173986e+00, 1.66269476e+00, 0.00000000e+00, 5.0000000000, 4.0000000000, 0.2546253667
          99, 3.26967251e-01, 2.13522913e-02, 0.00000000e+00, 0.00000000e+00, 0.00000000e+00, 3.36942290e-02, 1.42144571e-02, 3.27355240e-01, 0.00000000e+00, 1.53129819e+01, 1.25000000e+00, 0.00000000e+00, -3.71311670e+00, -1.72341880e+00, -1.77617216e+00, 1.64195804e+00, 0.00000000e+00, 5.0000000000, 4.0000000000, 0.2572064000
         100, 3.26941347e-01, 2.13508297e-02, 0.00000000e+00, 0.00000000e+00, 0.00000000e+00, 3.36878875e-02, 1.42135609e-02, 3.27329309e-01, 0.00000000e+00, 1.53128169e+01, 1.25000000e+00, 0.00000000e+00, -3.73440103e+00, -1.73984170e+00, -1.79261159e+00, 1.62062702e+00, 0.00000000e+00, 5.0000000000, 4.0000000000, 0.2597743167
         101, 3.26918005e-01, 2.13495133e-02, 0.00000000e+00, 0.00000000e+00, 0.00000000e+00, 3.36822420e-02, 1.42127540e-02, 3.27305945e-01, 0.00000000e+00, 1.53126678e+01, 1.25000000e+00, 0.00000000e+00, -3.75634901e+00, -1.75658562e+00, -1.81122834e+00, 1.59869057e+00, 0.00000000e+00, 5.0000000000, 4.0000000000, 0.2623283833
         102, 3.26897156e-01, 2.13483365e-02, 0.00000000e+00, 0.00000000e+00, 0.00000000e+00, 3.36772723e-02, 1.42120323e-02, 3.27285075e-01, 0.00000000e+00, 1.53125353e+01, 1.25000000e+00, 0.00000000e+00, -3.77897694e+00, -1.77377321e+00, -1.83207257e+00, 1.57611536e+00, 0.00000000e+00, 5.0000000000, 4.0000000000, 0.2648918000
         103, 3.26878710e-01, 2.13472935e-02, 0.00000000e+00, 0.00000000e+00, 0.00000000e+00, 3.36729494e-02, 1.42113919e-02, 3.27266610e-01, 0.00000000e+00, 1.53124193e+01, 1.25000000e+00, 0.00000000e+00, -3.80228946e+00, -1.79150529e+00, -1.85504601e+00, 1.55288169e+00, 0.00000000e+00, 5.0000000000, 4.0000000000, 0.2674653167
         104, 3.26862553e-01, 2.13463776e-02, 0.00000000e+00, 0.00000000e+00, 0.00000000e+00, 3.36692366e-02, 1.42108287e-02, 3.27250437e-01, 0.00000000e+00, 1.53123195e+01, 1.25000000e+00, 0.00000000e+00, -3.82624733e+00, -1.80992278e+00, -1.88020322e+00, 1.52902570e+00, 0.00000000e+00, 5.0000000000, 4.0000000000, 0.2699989167
         105, 3.26848553e-01, 2.13455818e-02, 0.00000000e+00, 0.00000000e+00, 0.00000000e+00, 3.36660901e-02, 1.42103385e-02, 3.27236423e-01, 0.00000000e+00, 1.53122345e+01, 1.25000000e+00, 0.00000000e+00, -3.85083584e+00, -1.82915446e+00, -1.90754129e+00, 1.50454028e+00, 0.00000000e+00, 5.0000000000, 4.0000000000, 0.2726066833
         106, 3.26836561e-01, 2.13448972e-02, 0.00000000e+00, 0.00000000e+00, 0.00000000e+00, 3.36634675e-02, 1.42099157e-02, 3.27224419e-01, 0.00000000e+00, 1.53121637e+01, 1.25000000e+00, 0.00000000e+00, -3.87604735e+00, -1.84929301e+00, -1.93687875e+00, 1.47941125e+00, 0.00000000e+00, 5.0000000000, 4.0000000000, 0.2751669000
         107, 3.26826416e-01, 2.13443155e-02, 0.00000000e+00, 0.00000000e+00, 0.00000000e+00, 3.36613191e-02, 1.42095554e-02, 3.27214264e-01, 0.00000000e+00, 1.53121058e+01, 1.25000000e+00, 0.00000000e+00, -3.90186999e+00, -1.87037589e+00, -1.96798579e+00, 1.45364270e+00, 0.00000000e+00, 5.0000000000, 4.0000000000, 0.2777540667
         108, 3.26817948e-01, 2.13438274e-02, 0.00000000e+00, 0.00000000e+00, 0.00000000e+00, 3.36595944e-02, 1.42092521e-02, 3.27205788e-01, 0.00000000e+00, 1.53120592e+01, 1.25000000e+00, 0.00000000e+00, -3.92828911e+00, -1.89246597e+00, -2.00055112e+00, 1.42724572e+00, 0.00000000e+00, 5.0000000000, 4.0000000000, 0.2803019000
         109, 3.26810983e-01, 2.13434234e-02, 0.00000000e+00, 0.00000000e+00, 0.00000000e+00, 3.36582430e-02, 1.42090002e-02, 3.27198815e-01, 0.00000000e+00, 1.53120227e+01, 1.25000000e+00, 0.00000000e+00, -3.95528136e+00, -1.91562658e+00, -2.03428443e+00, 1.40024483e+00, 0.00000000e+00, 5.0000000000, 4.0000000000, 0.2828610500
         110, 3.26805341e-01, 2.13430948e-02, 0.00000000e+00, 0.00000000e+00, 0.00000000e+00, 3.36572119e-02, 1.42087948e-02, 3.27193167e-01, 0.00000000e+00, 1.53119940e+01, 1.25000000e+00, 0.00000000e+00, -3.98278090e+00, -1.93990251e+00, -2.06873089e+00, 1.37271250e+00, 0.00000000e+00, 5.0000000000, 4.0000000000, 0.2854161167
         111, 3.26800847e-01, 2.13428330e-02, 0.00000000e+00, 0.00000000e+00, 0.00000000e+00, 3.36564490e-02, 1.42086311e-02, 3.27188668e-01, 0.00000000e+00, 1.53119713e+01, 1.25000000e+00, 0.00000000e+00, -4.01067785e+00, -1.96528696e+00, -2.10329989e+00, 1.34477341e+00, 0.00000000e+00, 5.0000000000, 4.0000000000, 0.2880012333
         112, 3.26797329e-01, 2.13426291e-02, 0.00000000e+00, 0.00000000e+00, 0.00000000e+00, 3.36559079e-02, 1.42085039e-02, 3.27185147e-01, 0.00000000e+00, 1.53119528e+01, 1.25000000e+00, 0.00000000e+00, -4.03890654e+00, -1.99173444e+00, -2.13749317e+00, 1.31647480e+00, 0.00000000e+00, 5.0000000000, 4.0000000000, 0.2906469500
         113, 3.26794629e-01, 2.13424746e-02, 0.00000000e+00, 0.00000000e+00, 0.00000000e+00, 3.36555437e-02, 1.42084084e-02, 3.27182444e-01, 0.00000000e+00, 1.53119371e+01, 1.25000000e+00, 0.00000000e+00, -4.06735022e+00, -2.01915905e+00, -2.17068795e+00, 1.28795077e+00, 0.00000000e+00, 5.0000000000, 4.0000000000, 0.2932147833
         114, 3.26792597e-01, 2.13423615e-02, 0.00000000e+00, 0.00000000e+00, 0.00000000e+00, 3.36553180e-02, 1.42083397e-02, 3.27180411e-01, 0.00000000e+00, 1.53119231e+01, 1.25000000e+00, 0.00000000e+00, -4.09590261e+00, -2.04745304e+00, -2.20260739e+00, 1.25932092e+00, 0.00000000e+00, 5.0000000000, 4.0000000000, 0.2957848500
         115, 3.26791103e-01, 2.13422822e-02, 0.00000000e+00, 0.00000000e+00, 0.00000000e+00, 3.36551980e-02, 1.42082929e-02, 3.27178915e-01, 0.00000000e+00, 1.53119100e+01, 1.25000000e+00, 0.00000000e+00, -4.12443034e+00, -2.07641038e+00, -2.23283694e+00, 1.23073501e+00, 0.00000000e+00, 5.0000000000, 4.0000000000, 0.2983552667
         116, 3.26790031e-01, 2.13422299e-02, 0.00000000e+00, 0.00000000e+00, 0.00000000e+00, 3.36551548e-02, 1.42082641e-02, 3.27177842e-01, 0.00000000e+00, 1.53118972e+01, 1.25000000e+00, 0.00000000e+00, -4.15278959e+00, -2.10578615e+00, -2.26115754e+00, 1.20235326e+00, 0.00000000e+00, 5.0000000000, 4.0000000000, 0.3009690833
         117, 3.26789279e-01, 2.13421991e-02, 0.00000000e+00, 0.00000000e+00, 0.00000000e+00, 3.36551643e-02, 1.42082496e-02, 3.27177090e-01, 0.00000000e+00, 1.53118841e+01, 1.25000000e+00, 0.00000000e+00, -4.18084447e+00, -2.13534839e+00, -2.28739987e+00, 1.17431304e+00, 0.00000000e+00, 5.0000000000, 4.0000000000, 0.3035333833
         118, 3.26788766e-01, 2.13421843e-02, 0.00000000e+00, 0.00000000e+00, 0.00000000e+00, 3.36552084e-02, 1.42082461e-02, 3.27176577e-01, 0.00000000e+00, 1.53118707e+01, 1.25000000e+00, 0.00000000e+00, -4.20847467e+00, -2.16483881e+00, -2.31179501e+00, 1.14671995e+00, 0.00000000e+00, 5.0000000000, 4.0000000000, 0.3061058333
