TITLE = "SU2 Simulation"
VARIABLES = "Iteration","CL","CD","CSF","CMx","CMy","CMz","CFx","CFy","CFz","CL/CD","AoA","Custom_ObjFunc","Res_Flow[0]","Res_Flow[1]","Res_Flow[2]","Res_Flow[3]","Res_Flow[4]","Linear_Solver_Iterations","CFL_Number","Time(min)"
ZONE T= "Convergence history"
           0, 1.12209567e-01, 1.11098172e-01, 0.00000000e+00, 0.00000000e+00, 0.00000000e+00, 2.27032905e-02, 1.08623894e-01, 1.14606458e-01, 0.00000000e+00, 1.01000372e+00, 1.25000000e+00, 0.00000000e+00, -1.02685981e+00, 1.39637626e+00, -2.64767446e-01, 4.46388819e+00, 0.00000000e+00, 5.0000000000, 4.0000000000, 0.0032023167
           1, 1.37165215e-01, 5.96258826e-02, 0.00000000e+00, 0.00000000e+00, 0.00000000e+00, 2.34915754e-02, 5.66194498e-02, 1.38433305e-01, 0.00000000e+00, 2.30043077e+00, 1.25000000e+00, 0.00000000e+00, -9.37109350e-01, 1.53913274e+00, 1.45886053e+00, 4.57721032e+00, 0.00000000e+00, 5.0000000000, 4.0000000000, 0.0059172167
           2, 1.74010145e-01, 4.40722770e-02, 0.00000000e+00, 0.00000000e+00, 0.00000000e+00, 2.33011499e-02, 4.02657777e-02, 1.74930167e-01, 0.00000000e+00, 3.94829032e+00, 1.25000000e+00, 0.00000000e+00, -1.06961058e+00, 1.42331109e+00, 1.37806502e+00, 4.41268324e+00, 0.00000000e+00, 5.0000000000, 4.0000000000, 0.0086153000
           3, 2.02055474e-01, 3.50346282e-02, 0.00000000e+00, 0.00000000e+00, 0.00000000e+00, 2.47808240e-02, 3.06184740e-02, 2.02771667e-01, 0.00000000e+00, 5.76730751e+00, 1.25000000e+00, 0.00000000e+00, -1.07515655e+00, 1.38088928e+00, 1.37023486e+00, 4.38995071e+00, 0.00000000e+00, 5.0000000000, 4.0000000000, 0.0112392333
           4, 2.28500614e-01, 2.96678673e-02, 0.00000000e+00, 0.00000000e+00, 0.00000000e+00, 2.83765612e-02, 2.46760925e-02, 2.29093439e-01, 0.00000000e+00, 7.70195620e+00, 1.25000000e+00, 0.00000000e+00, -1.09525821e+00, 1.34069117e+00, 1.34023931e+00, 4.36364030e+00, 0.00000000e+00, 5.0000000000, 4.0000000000, 0.0138792333
           5, 2.53864631e-01, 2.63366136e-02, 0.00000000e+00, 0.00000000e+00, 0.00000000e+00, 3.25936702e-02, 2.07923185e-02, 2.54378748e-01, 0.00000000e+00, 9.63922827e+00, 1.25000000e+00, 0.00000000e+00, -1.12692165e+00, 1.27116049e+00, 1.28558767e+00, 4.32191293e+00, 0.00000000e+00, 5.0000000000, 4.0000000000, 0.0165969167
           6, 2.76219682e-01, 2.42450624e-02, 0.00000000e+00, 0.00000000e+00, 0.00000000e+00, 3.63223864e-02, 1.82135921e-02, 2.76682852e-01, 0.00000000e+00, 1.13928221e+01, 1.25000000e+00, 0.00000000e+00, -1.14394881e+00, 1.21190016e+00, 1.23983038e+00, 4.29558812e+00, 0.00000000e+00, 5.0000000000, 4.0000000000, 0.0192241833
           7, 2.94749743e-01, 2.30013510e-02, 0.00000000e+00, 0.00000000e+00, 0.00000000e+00, 3.91075504e-02, 1.65659456e-02, 2.95181373e-01, 0.00000000e+00, 1.28144535e+01, 1.25000000e+00, 0.00000000e+00, -1.16677461e+00, 1.20058428e+00, 1.21730625e+00, 4.27303391e+00, 0.00000000e+00, 5.0000000000, 4.0000000000, 0.0218346500
           8, 3.09330056e-01, 2.22936271e-02, 0.00000000e+00, 0.00000000e+00, 0.00000000e+00, 4.09589715e-02, 1.55403222e-02, 3.09742777e-01, 0.00000000e+00, 1.38752682e+01, 1.25000000e+00, 0.00000000e+00, -1.20722472e+00, 1.18856016e+00, 1.18689046e+00, 4.23515602e+00, 0.00000000e+00, 5.0000000000, 4.0000000000, 0.0244592667
           9, 3.20316953e-01, 2.19318841e-02, 0.00000000e+00, 0.00000000e+00, 0.00000000e+00, 4.20465223e-02, 1.49389874e-02, 3.20719168e-01, 0.00000000e+00, 1.46050814e+01, 1.25000000e+00, 0.00000000e+00, -1.26150011e+00, 1.12870484e+00, 1.12296855e+00, 4.17607267e+00, 0.00000000e+00, 5.0000000000, 4.0000000000, 0.0270602667
          10, 3.28293545e-01, 2.17967522e-02, 0.00000000e+00, 0.00000000e+00, 0.00000000e+00, 4.25169303e-02, 1.46298792e-02, 3.28690914e-01, 0.00000000e+00, 1.50615808e+01, 1.25000000e+00, 0.00000000e+00, -1.31264401e+00, 1.02552462e+00, 1.03772299e+00, 4.11166718e+00, 0.00000000e+00, 5.0000000000, 4.0000000000, 0.0296562500
          11, 3.33846936e-01, 2.18015180e-02, 0.00000000e+00, 0.00000000e+00, 0.00000000e+00, 4.24875713e-02, 1.45134973e-02, 3.34243087e-01, 0.00000000e+00, 1.53130133e+01, 1.25000000e+00, 0.00000000e+00, -1.34733565e+00, 9.38796172e-01, 9.66744799e-01, 4.06663798e+00, 0.00000000e+00, 5.0000000000, 4.0000000000, 0.0322694500
          12, 3.37542116e-01, 2.18804153e-02, 0.00000000e+00, 0.00000000e+00, 0.00000000e+00, 4.20992288e-02, 1.45117659e-02, 3.37939109e-01, 0.00000000e+00, 1.54266778e+01, 1.25000000e+00, 0.00000000e+00, -1.37669831e+00, 9.06477796e-01, 9.31567719e-01, 4.03556676e+00, 0.00000000e+00, 5.0000000000, 4.0000000000, 0.0348928333
          13, 3.39907547e-01, 2.19866599e-02, 0.00000000e+00, 0.00000000e+00, 0.00000000e+00, 4.15056613e-02, 1.45663836e-02, 3.40306295e-01, 0.00000000e+00, 1.54597173e+01, 1.25000000e+00, 0.00000000e+00, -1.41327246e+00, 8.83789990e-01, 9.06669400e-01, 3.99979010e+00, 0.00000000e+00, 5.0000000000, 4.0000000000, 0.0375105333
          14, 3.41372864e-01, 2.20895472e-02, 0.00000000e+00, 0.00000000e+00, 0.00000000e+00, 4.08373654e-02, 1.46372807e-02, 3.41773508e-01, 0.00000000e+00, 1.54540453e+01, 1.25000000e+00, 0.00000000e+00, -1.45710207e+00, 8.37360230e-01, 8.64652386e-01, 3.95331823e+00, 0.00000000e+00, 5.0000000000, 4.0000000000, 0.0401065667
          15, 3.42247536e-01, 2.21732118e-02, 0.00000000e+00, 0.00000000e+00, 0.00000000e+00, 4.01725904e-02, 1.47018446e-02, 3.42649797e-01, 0.00000000e+00, 1.54351809e+01, 1.25000000e+00, 0.00000000e+00, -1.50468244e+00, 7.66650907e-01, 8.02954689e-01, 3.89870324e+00, 0.00000000e+00, 5.0000000000, 4.0000000000, 0.0427023833
          16, 3.42712697e-01, 2.22311789e-02, 0.00000000e+00, 0.00000000e+00, 0.00000000e+00, 3.95332414e-02, 1.47496504e-02, 3.43116111e-01, 0.00000000e+00, 1.54158580e+01, 1.25000000e+00, 0.00000000e+00, -1.55307800e+00, 6.83578567e-01, 7.32703295e-01, 3.84229481e+00, 0.00000000e+00, 5.0000000000, 4.0000000000, 0.0452987500
          17, 3.42874745e-01, 2.22658917e-02, 0.00000000e+00, 0.00000000e+00, 0.00000000e+00, 3.89354842e-02, 1.47808199e-02, 3.43278878e-01, 0.00000000e+00, 1.53991023e+01, 1.25000000e+00, 0.00000000e+00, -1.60135715e+00, 6.03894787e-01, 6.65906002e-01, 3.78883747e+00, 0.00000000e+00, 5.0000000000, 4.0000000000, 0.0479139667
          18, 3.42812027e-01, 2.22860484e-02, 0.00000000e+00, 0.00000000e+00, 0.00000000e+00, 3.84100636e-02, 1.48023399e-02, 3.43216614e-01, 0.00000000e+00, 1.53823604e+01, 1.25000000e+00, 0.00000000e+00, -1.64920907e+00, 5.40217855e-01, 6.08540948e-01, 3.73892490e+00, 0.00000000e+00, 5.0000000000, 4.0000000000, 0.0505448667
          19, 3.42586119e-01, 2.22969620e-02, 0.00000000e+00, 0.00000000e+00, 0.00000000e+00, 3.79772313e-02, 1.48181792e-02, 3.42990998e-01, 0.00000000e+00, 1.53646994e+01, 1.25000000e+00, 0.00000000e+00, -1.69728201e+00, 4.94681758e-01, 5.59259879e-01, 3.68966654e+00, 0.00000000e+00, 5.0000000000, 4.0000000000, 0.0531451667
          20, 3.42246336e-01, 2.22998400e-02, 0.00000000e+00, 0.00000000e+00, 0.00000000e+00, 3.76404980e-02, 1.48284687e-02, 3.42651359e-01, 0.00000000e+00, 1.53474795e+01, 1.25000000e+00, 0.00000000e+00, -1.74627548e+00, 4.55482880e-01, 5.13043704e-01, 3.63908787e+00, 0.00000000e+00, 5.0000000000, 4.0000000000, 0.0557411500
          21, 3.41830126e-01, 2.22950394e-02, 0.00000000e+00, 0.00000000e+00, 0.00000000e+00, 3.73986244e-02, 1.48327489e-02, 3.42235144e-01, 0.00000000e+00, 1.53321158e+01, 1.25000000e+00, 0.00000000e+00, -1.79480823e+00, 4.10708229e-01, 4.64459702e-01, 3.58863780e+00, 0.00000000e+00, 5.0000000000, 4.0000000000, 0.0583339167
          22, 3.41372639e-01, 2.22839953e-02, 0.00000000e+00, 0.00000000e+00, 0.00000000e+00, 3.72457882e-02, 1.48316874e-02, 3.41777524e-01, 0.00000000e+00, 1.53191847e+01, 1.25000000e+00, 0.00000000e+00, -1.84202432e+00, 3.58020792e-01, 4.10229139e-01, 3.53917006e+00, 0.00000000e+00, 5.0000000000, 4.0000000000, 0.0609489333
          23, 3.40905043e-01, 2.22659520e-02, 0.00000000e+00, 0.00000000e+00, 0.00000000e+00, 3.71607518e-02, 1.48238489e-02, 3.41309646e-01, 0.00000000e+00, 1.53105982e+01, 1.25000000e+00, 0.00000000e+00, -1.88778525e+00, 2.99429275e-01, 3.50070503e-01, 3.49107895e+00, 0.00000000e+00, 5.0000000000, 4.0000000000, 0.0635677167
          24, 3.40445116e-01, 2.22407515e-02, 0.00000000e+00, 0.00000000e+00, 0.00000000e+00, 3.71203115e-02, 1.48086878e-02, 3.40849279e-01, 0.00000000e+00, 1.53072667e+01, 1.25000000e+00, 0.00000000e+00, -1.93206629e+00, 2.37713044e-01, 2.86150687e-01, 3.44464935e+00, 0.00000000e+00, 5.0000000000, 4.0000000000, 0.0662027667
          25, 3.40002856e-01, 2.22091519e-02, 0.00000000e+00, 0.00000000e+00, 0.00000000e+00, 3.71018579e-02, 1.47867435e-02, 3.40406434e-01, 0.00000000e+00, 1.53091328e+01, 1.25000000e+00, 0.00000000e+00, -1.97520776e+00, 1.76846232e-01, 2.21913623e-01, 3.39940368e+00, 0.00000000e+00, 5.0000000000, 4.0000000000, 0.0687974167
          26, 3.39579853e-01, 2.21732007e-02, 0.00000000e+00, 0.00000000e+00, 0.00000000e+00, 3.70879073e-02, 1.47600286e-02, 3.39982748e-01, 0.00000000e+00, 1.53148775e+01, 1.25000000e+00, 0.00000000e+00, -2.01762697e+00, 1.20923112e-01, 1.60493661e-01, 3.35482795e+00, 0.00000000e+00, 5.0000000000, 4.0000000000, 0.0714050833
          27, 3.39176246e-01, 2.21351332e-02, 0.00000000e+00, 0.00000000e+00, 0.00000000e+00, 3.70648770e-02, 1.47307748e-02, 3.39578407e-01, 0.00000000e+00, 1.53229819e+01, 1.25000000e+00, 0.00000000e+00, -2.05980203e+00, 7.18052493e-02, 1.03355233e-01, 3.31067086e+00, 0.00000000e+00, 5.0000000000, 4.0000000000, 0.0740388167
          28, 3.38789943e-01, 2.20969168e-02, 0.00000000e+00, 0.00000000e+00, 0.00000000e+00, 3.70237932e-02, 1.47009947e-02, 3.39191362e-01, 0.00000000e+00, 1.53320006e+01, 1.25000000e+00, 0.00000000e+00, -2.10242216e+00, 2.83037697e-02, 4.99049883e-02, 3.26646914e+00, 0.00000000e+00, 5.0000000000, 4.0000000000, 0.0766516500
          29, 3.38417790e-01, 2.20603518e-02, 0.00000000e+00, 0.00000000e+00, 0.00000000e+00, 3.69605689e-02, 1.46725569e-02, 3.38818499e-01, 0.00000000e+00, 1.53405436e+01, 1.25000000e+00, 0.00000000e+00, -2.14582001e+00, -1.24909038e-02, -1.63711256e-03, 3.22203641e+00, 0.00000000e+00, 5.0000000000, 4.0000000000, 0.0792565333
          30, 3.38054452e-01, 2.20267280e-02, 0.00000000e+00, 0.00000000e+00, 0.00000000e+00, 3.68753093e-02, 1.46468672e-02, 3.38454514e-01, 0.00000000e+00, 1.53474657e+01, 1.25000000e+00, 0.00000000e+00, -2.18994428e+00, -5.34688255e-02, -5.31577671e-02, 3.17748445e+00, 0.00000000e+00, 5.0000000000, 4.0000000000, 0.0818598333
          31, 3.37695011e-01, 2.19967751e-02, 0.00000000e+00, 0.00000000e+00, 0.00000000e+00, 3.67723376e-02, 1.46247626e-02, 3.38094506e-01, 0.00000000e+00, 1.53520236e+01, 1.25000000e+00, 0.00000000e+00, -2.23445626e+00, -9.62111234e-02, -1.05631450e-01, 3.13310032e+00, 0.00000000e+00, 5.0000000000, 4.0000000000, 0.0844960167
          32, 3.37336906e-01, 2.19708852e-02, 0.00000000e+00, 0.00000000e+00, 0.00000000e+00, 3.66575122e-02, 1.46066909e-02, 3.37735921e-01, 0.00000000e+00, 1.53538150e+01, 1.25000000e+00, 0.00000000e+00, -2.27874094e+00, -1.40645590e-01, -1.58876026e-01, 3.08936520e+00, 0.00000000e+00, 5.0000000000, 4.0000000000, 0.0871215833
          33, 3.36976512e-01, 2.19486387e-02, 0.00000000e+00, 0.00000000e+00, 0.00000000e+00, 3.65350370e-02, 1.45923117e-02, 3.37375127e-01, 0.00000000e+00, 1.53529572e+01, 1.25000000e+00, 0.00000000e+00, -2.32215649e+00, -1.85935587e-01, -2.12227468e-01, 3.04681982e+00, 0.00000000e+00, 5.0000000000, 4.0000000000, 0.0897342500
          34, 3.36612535e-01, 2.19292018e-02, 0.00000000e+00, 0.00000000e+00, 0.00000000e+00, 3.64075897e-02, 1.45808195e-02, 3.37010813e-01, 0.00000000e+00, 1.53499675e+01, 1.25000000e+00, 0.00000000e+00, -2.36399757e+00, -2.31176068e-01, -2.64886786e-01, 3.00606679e+00, 0.00000000e+00, 5.0000000000, 4.0000000000, 0.0923526000
          35, 3.36244698e-01, 2.19119112e-02, 0.00000000e+00, 0.00000000e+00, 0.00000000e+00, 3.62780956e-02, 1.45715574e-02, 3.36642687e-01, 0.00000000e+00, 1.53452930e+01, 1.25000000e+00, 0.00000000e+00, -2.40364462e+00, -2.75611540e-01, -3.15769493e-01, 2.96750625e+00, 0.00000000e+00, 5.0000000000, 4.0000000000, 0.0949679667
          36, 3.35873710e-01, 2.18960970e-02, 0.00000000e+00, 0.00000000e+00, 0.00000000e+00, 3.61494381e-02, 1.45638399e-02, 3.36271442e-01, 0.00000000e+00, 1.53394329e+01, 1.25000000e+00, 0.00000000e+00, -2.44057194e+00, -3.18810891e-01, -3.64241980e-01, 2.93150239e+00, 0.00000000e+00, 5.0000000000, 4.0000000000, 0.0975792500
          37, 3.35502806e-01, 2.18808605e-02, 0.00000000e+00, 0.00000000e+00, 0.00000000e+00, 3.60236522e-02, 1.45566984e-02, 3.35900293e-01, 0.00000000e+00, 1.53331632e+01, 1.25000000e+00, 0.00000000e+00, -2.47454364e+00, -3.60857704e-01, -4.10665448e-01, 2.89813665e+00, 0.00000000e+00, 5.0000000000, 4.0000000000, 0.1002327833
          38, 3.35134027e-01, 2.18653742e-02, 0.00000000e+00, 0.00000000e+00, 0.00000000e+00, 3.59025085e-02, 1.45492606e-02, 3.35531265e-01, 0.00000000e+00, 1.53271572e+01, 1.25000000e+00, 0.00000000e+00, -2.50586683e+00, -4.02102544e-01, -4.55534120e-01, 2.86688017e+00, 0.00000000e+00, 5.0000000000, 4.0000000000, 0.1028630000
          39, 3.34772164e-01, 2.18491982e-02, 0.00000000e+00, 0.00000000e+00, 0.00000000e+00, 3.57874509e-02, 1.45409824e-02, 3.35169135e-01, 0.00000000e+00, 1.53219427e+01, 1.25000000e+00, 0.00000000e+00, -2.53484285e+00, -4.42877395e-01, -4.99169266e-01, 2.83749804e+00, 0.00000000e+00, 5.0000000000, 4.0000000000, 0.1055050333
          40, 3.34421612e-01, 2.18320530e-02, 0.00000000e+00, 0.00000000e+00, 0.00000000e+00, 3.56792890e-02, 1.45314885e-02, 3.34818293e-01, 0.00000000e+00, 1.53179187e+01, 1.25000000e+00, 0.00000000e+00, -2.56209502e+00, -4.83385955e-01, -5.41951205e-01, 2.80938203e+00, 0.00000000e+00, 5.0000000000, 4.0000000000, 0.1081581000
          41, 3.34085594e-01, 2.18138602e-02, 0.00000000e+00, 0.00000000e+00, 0.00000000e+00, 3.55783984e-02, 1.45206303e-02, 3.34481957e-01, 0.00000000e+00, 1.53152899e+01, 1.25000000e+00, 0.00000000e+00, -2.58805060e+00, -5.23394609e-01, -5.84286556e-01, 2.78222414e+00, 0.00000000e+00, 5.0000000000, 4.0000000000, 0.1108066667
          42, 3.33766191e-01, 2.17947673e-02, 0.00000000e+00, 0.00000000e+00, 0.00000000e+00, 3.54849549e-02, 1.45085097e-02, 3.34162214e-01, 0.00000000e+00, 1.53140515e+01, 1.25000000e+00, 0.00000000e+00, -2.61294551e+00, -5.62703895e-01, -6.26143823e-01, 2.75598304e+00, 0.00000000e+00, 5.0000000000, 4.0000000000, 0.1134636167
          43, 3.33464305e-01, 2.17750114e-02, 0.00000000e+00, 0.00000000e+00, 0.00000000e+00, 3.53987298e-02, 1.44953441e-02, 3.33859969e-01, 0.00000000e+00, 1.53140817e+01, 1.25000000e+00, 0.00000000e+00, -2.63708387e+00, -6.01235139e-01, -6.67105909e-01, 2.73050676e+00, 0.00000000e+00, 5.0000000000, 4.0000000000, 0.1166622333
          44, 3.33179771e-01, 2.17550097e-02, 0.00000000e+00, 0.00000000e+00, 0.00000000e+00, 3.53190188e-02, 1.44815542e-02, 3.33575066e-01, 0.00000000e+00, 1.53150827e+01, 1.25000000e+00, 0.00000000e+00, -2.66062767e+00, -6.39003474e-01, -7.06430019e-01, 2.70579299e+00, 0.00000000e+00, 5.0000000000, 4.0000000000, 0.1192913833
          45, 3.32911732e-01, 2.17351269e-02, 0.00000000e+00, 0.00000000e+00, 0.00000000e+00, 3.52454456e-02, 1.44675233e-02, 3.33306657e-01, 0.00000000e+00, 1.53167605e+01, 1.25000000e+00, 0.00000000e+00, -2.68328596e+00, -6.75815412e-01, -7.43479576e-01, 2.68233544e+00, 0.00000000e+00, 5.0000000000, 4.0000000000, 0.1219176833
          46, 3.32659677e-01, 2.17156045e-02, 0.00000000e+00, 0.00000000e+00, 0.00000000e+00, 3.51782722e-02, 1.44535041e-02, 3.33054237e-01, 0.00000000e+00, 1.53189232e+01, 1.25000000e+00, 0.00000000e+00, -2.70491578e+00, -7.11411407e-01, -7.77843070e-01, 2.66019581e+00, 0.00000000e+00, 5.0000000000, 4.0000000000, 0.1245556500
          47, 3.32423254e-01, 2.16966200e-02, 0.00000000e+00, 0.00000000e+00, 0.00000000e+00, 3.51177622e-02, 1.44396817e-02, 3.32817456e-01, 0.00000000e+00, 1.53214304e+01, 1.25000000e+00, 0.00000000e+00, -2.72547962e+00, -7.45639440e-01, -8.09069634e-01, 2.63934024e+00, 0.00000000e+00, 5.0000000000, 4.0000000000, 0.1272302833
          48, 3.32201950e-01, 2.16783498e-02, 0.00000000e+00, 0.00000000e+00, 0.00000000e+00, 3.50638972e-02, 1.44262436e-02, 3.32595806e-01, 0.00000000e+00, 1.53241346e+01, 1.25000000e+00, 0.00000000e+00, -2.74515980e+00, -7.78314205e-01, -8.37455040e-01, 2.61949839e+00, 0.00000000e+00, 5.0000000000, 4.0000000000, 0.1298500000
          49, 3.31994679e-01, 2.16609215e-02, 0.00000000e+00, 0.00000000e+00, 0.00000000e+00, 3.50158251e-02, 1.44133411e-02, 3.32388204e-01, 0.00000000e+00, 1.53268954e+01, 1.25000000e+00, 0.00000000e+00, -2.76403234e+00, -8.08961607e-01, -8.63614830e-01, 2.60057989e+00, 0.00000000e+00, 5.0000000000, 4.0000000000, 0.1325436667
          50, 3.31799706e-01, 2.16444266e-02, 0.00000000e+00, 0.00000000e+00, 0.00000000e+00, 3.49721075e-02, 1.44011034e-02, 3.32192917e-01, 0.00000000e+00, 1.53295678e+01, 1.25000000e+00, 0.00000000e+00, -2.78221749e+00, -8.37199249e-01, -8.88036515e-01, 2.58236384e+00, 0.00000000e+00, 5.0000000000, 4.0000000000, 0.1352619667
          51, 3.31614951e-01, 2.16289535e-02, 0.00000000e+00, 0.00000000e+00, 0.00000000e+00, 3.49313548e-02, 1.43896643e-02, 3.32007869e-01, 0.00000000e+00, 1.53319924e+01, 1.25000000e+00, 0.00000000e+00, -2.79983333e+00, -8.62760040e-01, -9.11053511e-01, 2.56464007e+00, 0.00000000e+00, 5.0000000000, 4.0000000000, 0.1378996833
          52, 3.31438205e-01, 2.16145058e-02, 0.00000000e+00, 0.00000000e+00, 0.00000000e+00, 3.48922864e-02, 1.43790757e-02, 3.31830850e-01, 0.00000000e+00, 1.53340636e+01, 1.25000000e+00, 0.00000000e+00, -2.81702435e+00, -8.85440439e-01, -9.33293345e-01, 2.54721374e+00, 0.00000000e+00, 5.0000000000, 4.0000000000, 0.1405581500
          53, 3.31267430e-01, 2.16010196e-02, 0.00000000e+00, 0.00000000e+00, 0.00000000e+00, 3.48538257e-02, 1.43693183e-02, 3.31659821e-01, 0.00000000e+00, 1.53357312e+01, 1.25000000e+00, 0.00000000e+00, -2.83399250e+00, -9.05178845e-01, -9.55204950e-01, 2.52983960e+00, 0.00000000e+00, 5.0000000000, 4.0000000000, 0.1431882667
          54, 3.31100923e-01, 2.15884138e-02, 0.00000000e+00, 0.00000000e+00, 0.00000000e+00, 3.48150624e-02, 1.43603478e-02, 3.31493079e-01, 0.00000000e+00, 1.53369732e+01, 1.25000000e+00, 0.00000000e+00, -2.85090120e+00, -9.22253798e-01, -9.76978973e-01, 2.51232151e+00, 0.00000000e+00, 5.0000000000, 4.0000000000, 0.1459701167
          55, 3.30937201e-01, 2.15766326e-02, 0.00000000e+00, 0.00000000e+00, 0.00000000e+00, 3.47751956e-02, 1.43521410e-02, 3.31329138e-01, 0.00000000e+00, 1.53377595e+01, 1.25000000e+00, 0.00000000e+00, -2.86796775e+00, -9.37280646e-01, -9.98515999e-01, 2.49445203e+00, 0.00000000e+00, 5.0000000000, 4.0000000000, 0.1486403500
          56, 3.30775191e-01, 2.15655751e-02, 0.00000000e+00, 0.00000000e+00, 0.00000000e+00, 3.47338704e-02, 1.43446203e-02, 3.31166926e-01, 0.00000000e+00, 1.53381113e+01, 1.25000000e+00, 0.00000000e+00, -2.88535108e+00, -9.51034660e-01, -1.01957537e+00, 2.47612979e+00, 0.00000000e+00, 5.0000000000, 4.0000000000, 0.1514512833
          57, 3.30614186e-01, 2.15551703e-02, 0.00000000e+00, 0.00000000e+00, 0.00000000e+00, 3.46909302e-02, 1.43377303e-02, 3.31005733e-01, 0.00000000e+00, 1.53380457e+01, 1.25000000e+00, 0.00000000e+00, -2.90325754e+00, -9.64303574e-01, -1.03997069e+00, 2.45718028e+00, 0.00000000e+00, 5.0000000000, 4.0000000000, 0.1541372000
          58, 3.30453993e-01, 2.15453593e-02, 0.00000000e+00, 0.00000000e+00, 0.00000000e+00, 3.46465985e-02, 1.43314163e-02, 3.30845363e-01, 0.00000000e+00, 1.53375949e+01, 1.25000000e+00, 0.00000000e+00, -2.92179320e+00, -9.77859209e-01, -1.05938178e+00, 2.43759490e+00, 0.00000000e+00, 5.0000000000, 4.0000000000, 0.1567642667
          59, 3.30294831e-01, 2.15360918e-02, 0.00000000e+00, 0.00000000e+00, 0.00000000e+00, 3.46014851e-02, 1.43256231e-02, 3.30686037e-01, 0.00000000e+00, 1.53368045e+01, 1.25000000e+00, 0.00000000e+00, -2.94087797e+00, -9.92151318e-01, -1.07776668e+00, 2.41760834e+00, 0.00000000e+00, 5.0000000000, 4.0000000000, 0.1593818500
          60, 3.30137024e-01, 2.15272651e-02, 0.00000000e+00, 0.00000000e+00, 0.00000000e+00, 3.45556839e-02, 1.43202410e-02, 3.30528075e-01, 0.00000000e+00, 1.53357625e+01, 1.25000000e+00, 0.00000000e+00, -2.96050782e+00, -1.00712490e+00, -1.09489867e+00, 2.39732363e+00, 0.00000000e+00, 5.0000000000, 4.0000000000, 0.1620071167
          61, 3.29980991e-01, 2.15188075e-02, 0.00000000e+00, 0.00000000e+00, 0.00000000e+00, 3.45096329e-02, 1.43151892e-02, 3.30371895e-01, 0.00000000e+00, 1.53345389e+01, 1.25000000e+00, 0.00000000e+00, -2.98071205e+00, -1.02320907e+00, -1.11094890e+00, 2.37667274e+00, 0.00000000e+00, 5.0000000000, 4.0000000000, 0.1646116000
          62, 3.29827429e-01, 2.15107093e-02, 0.00000000e+00, 0.00000000e+00, 0.00000000e+00, 3.44639149e-02, 1.43104429e-02, 3.30218193e-01, 0.00000000e+00, 1.53331731e+01, 1.25000000e+00, 0.00000000e+00, -3.00133149e+00, -1.04060920e+00, -1.12632364e+00, 2.35582442e+00, 0.00000000e+00, 5.0000000000, 4.0000000000, 0.1672330167
          63, 3.29677112e-01, 2.15029626e-02, 0.00000000e+00, 0.00000000e+00, 0.00000000e+00, 3.44191274e-02, 1.43059772e-02, 3.30067743e-01, 0.00000000e+00, 1.53317066e+01, 1.25000000e+00, 0.00000000e+00, -3.02219273e+00, -1.05913773e+00, -1.14134922e+00, 2.33500309e+00, 0.00000000e+00, 5.0000000000, 4.0000000000, 0.1698466333
          64, 3.29530842e-01, 2.14955413e-02, 0.00000000e+00, 0.00000000e+00, 0.00000000e+00, 3.43758080e-02, 1.43017485e-02, 3.29921346e-01, 0.00000000e+00, 1.53301951e+01, 1.25000000e+00, 0.00000000e+00, -3.04306650e+00, -1.07846775e+00, -1.15618441e+00, 2.31445492e+00, 0.00000000e+00, 5.0000000000, 4.0000000000, 0.1724572167
          65, 3.29389333e-01, 2.14884164e-02, 0.00000000e+00, 0.00000000e+00, 0.00000000e+00, 3.43343389e-02, 1.42977123e-02, 3.29779715e-01, 0.00000000e+00, 1.53286928e+01, 1.25000000e+00, 0.00000000e+00, -3.06374642e+00, -1.09836560e+00, -1.17096783e+00, 2.29434223e+00, 0.00000000e+00, 5.0000000000, 4.0000000000, 0.1750469667
          66, 3.29253118e-01, 2.14815766e-02, 0.00000000e+00, 0.00000000e+00, 0.00000000e+00, 3.42948877e-02, 1.42938456e-02, 3.29643383e-01, 0.00000000e+00, 1.53272325e+01, 1.25000000e+00, 0.00000000e+00, -3.08399510e+00, -1.11859968e+00, -1.18596480e+00, 2.27484615e+00, 0.00000000e+00, 5.0000000000, 4.0000000000, 0.1776593000
          67, 3.29122570e-01, 2.14750011e-02, 0.00000000e+00, 0.00000000e+00, 0.00000000e+00, 3.42575791e-02, 1.42901196e-02, 3.29512723e-01, 0.00000000e+00, 1.53258465e+01, 1.25000000e+00, 0.00000000e+00, -3.10369104e+00, -1.13899237e+00, -1.20133145e+00, 2.25596247e+00, 0.00000000e+00, 5.0000000000, 4.0000000000, 0.1802708500
          68, 3.28997940e-01, 2.14686601e-02, 0.00000000e+00, 0.00000000e+00, 0.00000000e+00, 3.42225024e-02, 1.42864989e-02, 3.29387984e-01, 0.00000000e+00, 1.53245679e+01, 1.25000000e+00, 0.00000000e+00, -3.12276690e+00, -1.15931170e+00, -1.21720336e+00, 2.23762484e+00, 0.00000000e+00, 5.0000000000, 4.0000000000, 0.1829908333
          69, 3.28879317e-01, 2.14625390e-02, 0.00000000e+00, 0.00000000e+00, 0.00000000e+00, 3.41895850e-02, 1.42829670e-02, 3.29269255e-01, 0.00000000e+00, 1.53234115e+01, 1.25000000e+00, 0.00000000e+00, -3.14117395e+00, -1.17917437e+00, -1.23334587e+00, 2.21979446e+00, 0.00000000e+00, 5.0000000000, 4.0000000000, 0.1856064000
          70, 3.28766629e-01, 2.14566238e-02, 0.00000000e+00, 0.00000000e+00, 0.00000000e+00, 3.41587223e-02, 1.42795115e-02, 3.29156465e-01, 0.00000000e+00, 1.53223840e+01, 1.25000000e+00, 0.00000000e+00, -3.15903072e+00, -1.19861296e+00, -1.25004889e+00, 2.20226706e+00, 0.00000000e+00, 5.0000000000, 4.0000000000, 0.1882311000
          71, 3.28659722e-01, 2.14508954e-02, 0.00000000e+00, 0.00000000e+00, 0.00000000e+00, 3.41298119e-02, 1.42761167e-02, 3.29049459e-01, 0.00000000e+00, 1.53214920e+01, 1.25000000e+00, 0.00000000e+00, -3.17655696e+00, -1.21762360e+00, -1.26719503e+00, 2.18477949e+00, 0.00000000e+00, 5.0000000000, 4.0000000000, 0.1908575833
          72, 3.28558367e-01, 2.14453824e-02, 0.00000000e+00, 0.00000000e+00, 0.00000000e+00, 3.41028654e-02, 1.42728160e-02, 3.28948008e-01, 0.00000000e+00, 1.53207045e+01, 1.25000000e+00, 0.00000000e+00, -3.19395691e+00, -1.23624696e+00, -1.28496576e+00, 2.16715368e+00, 0.00000000e+00, 5.0000000000, 4.0000000000, 0.1934723500
          73, 3.28462248e-01, 2.14400423e-02, 0.00000000e+00, 0.00000000e+00, 0.00000000e+00, 3.40775251e-02, 1.42695739e-02, 3.28851795e-01, 0.00000000e+00, 1.53200374e+01, 1.25000000e+00, 0.00000000e+00, -3.21294099e+00, -1.25347727e+00, -1.30334119e+00, 2.14750583e+00, 0.00000000e+00, 5.0000000000, 4.0000000000, 0.1960845167
          74, 3.28370860e-01, 2.14348574e-02, 0.00000000e+00, 0.00000000e+00, 0.00000000e+00, 3.40534884e-02, 1.42663839e-02, 3.28760316e-01, 0.00000000e+00, 1.53194796e+01, 1.25000000e+00, 0.00000000e+00, -3.23189193e+00, -1.27077025e+00, -1.32130346e+00, 2.12826141e+00, 0.00000000e+00, 5.0000000000, 4.0000000000, 0.1986758667
          75, 3.28283802e-01, 2.14298304e-02, 0.00000000e+00, 0.00000000e+00, 0.00000000e+00, 3.40306638e-02, 1.42632573e-02, 3.28673169e-01, 0.00000000e+00, 1.53190107e+01, 1.25000000e+00, 0.00000000e+00, -3.25079114e+00, -1.28786927e+00, -1.33894985e+00, 2.10896852e+00, 0.00000000e+00, 5.0000000000, 4.0000000000, 0.2013059667
          76, 3.28200725e-01, 2.14249617e-02, 0.00000000e+00, 0.00000000e+00, 0.00000000e+00, 3.40090050e-02, 1.42602021e-02, 3.28590005e-01, 0.00000000e+00, 1.53186143e+01, 1.25000000e+00, 0.00000000e+00, -3.26971017e+00, -1.30516998e+00, -1.35716052e+00, 2.08947486e+00, 0.00000000e+00, 5.0000000000, 4.0000000000, 0.2039087167
          77, 3.28121310e-01, 2.14202446e-02, 0.00000000e+00, 0.00000000e+00, 0.00000000e+00, 3.39884186e-02, 1.42572185e-02, 3.28510506e-01, 0.00000000e+00, 1.53182803e+01, 1.25000000e+00, 0.00000000e+00, -3.28884023e+00, -1.32318490e+00, -1.37659362e+00, 2.06962653e+00, 0.00000000e+00, 5.0000000000, 4.0000000000, 0.2065065500
          78, 3.28045158e-01, 2.14156804e-02, 0.00000000e+00, 0.00000000e+00, 0.00000000e+00, 3.39687565e-02, 1.42543166e-02, 3.28434273e-01, 0.00000000e+00, 1.53179891e+01, 1.25000000e+00, 0.00000000e+00, -3.30857269e+00, -1.34230733e+00, -1.39718058e+00, 2.04902244e+00, 0.00000000e+00, 5.0000000000, 4.0000000000, 0.2091010333
          79, 3.27972026e-01, 2.14112728e-02, 0.00000000e+00, 0.00000000e+00, 0.00000000e+00, 3.39499673e-02, 1.42515055e-02, 3.28361062e-01, 0.00000000e+00, 1.53177267e+01, 1.25000000e+00, 0.00000000e+00, -3.32858791e+00, -1.36174228e+00, -1.41921084e+00, 2.02825296e+00, 0.00000000e+00, 5.0000000000, 4.0000000000, 0.2117067167
          80, 3.27901694e-01, 2.14070159e-02, 0.00000000e+00, 0.00000000e+00, 0.00000000e+00, 3.39320030e-02, 1.42487838e-02, 3.28290654e-01, 0.00000000e+00, 1.53174873e+01, 1.25000000e+00, 0.00000000e+00, -3.34878018e+00, -1.38081274e+00, -1.44289300e+00, 2.00745905e+00, 0.00000000e+00, 5.0000000000, 4.0000000000, 0.2143119333
          81, 3.27833928e-01, 2.14029079e-02, 0.00000000e+00, 0.00000000e+00, 0.00000000e+00, 3.39147714e-02, 1.42461551e-02, 3.28222815e-01, 0.00000000e+00, 1.53172611e+01, 1.25000000e+00, 0.00000000e+00, -3.36915422e+00, -1.40017669e+00, -1.46769711e+00, 1.98662079e+00, 0.00000000e+00, 5.0000000000, 4.0000000000, 0.2169627667
          82, 3.27768501e-01, 2.13989495e-02, 0.00000000e+00, 0.00000000e+00, 0.00000000e+00, 3.38981733e-02, 1.42436250e-02, 3.28157316e-01, 0.00000000e+00, 1.53170370e+01, 1.25000000e+00, 0.00000000e+00, -3.38960587e+00, -1.41983410e+00, -1.49307639e+00, 1.96586561e+00, 0.00000000e+00, 5.0000000000, 4.0000000000, 0.2195587167
          83, 3.27705226e-01, 2.13951355e-02, 0.00000000e+00, 0.00000000e+00, 0.00000000e+00, 3.38821285e-02, 1.42411922e-02, 3.28093974e-01, 0.00000000e+00, 1.53168100e+01, 1.25000000e+00, 0.00000000e+00, -3.41001593e+00, -1.43969059e+00, -1.51863426e+00, 1.94531941e+00, 0.00000000e+00, 5.0000000000, 4.0000000000, 0.2221741000
          84, 3.27643957e-01, 2.13914567e-02, 0.00000000e+00, 0.00000000e+00, 0.00000000e+00, 3.38665954e-02, 1.42388509e-02, 3.28032639e-01, 0.00000000e+00, 1.53165799e+01, 1.25000000e+00, 0.00000000e+00, -3.43027032e+00, -1.45960862e+00, -1.54404981e+00, 1.92506737e+00, 0.00000000e+00, 5.0000000000, 4.0000000000, 0.2247708667
          85, 3.27584594e-01, 2.13879067e-02, 0.00000000e+00, 0.00000000e+00, 0.00000000e+00, 3.38515415e-02, 1.42365967e-02, 3.27973213e-01, 0.00000000e+00, 1.53163467e+01, 1.25000000e+00, 0.00000000e+00, -3.45021561e+00, -1.47944354e+00, -1.56889656e+00, 1.90523535e+00, 0.00000000e+00, 5.0000000000, 4.0000000000, 0.2273765167
          86, 3.27527070e-01, 2.13844838e-02, 0.00000000e+00, 0.00000000e+00, 0.00000000e+00, 3.38369318e-02, 1.42344295e-02, 3.27915628e-01, 0.00000000e+00, 1.53161083e+01, 1.25000000e+00, 0.00000000e+00, -3.46974939e+00, -1.49906480e+00, -1.59270940e+00, 1.88589044e+00, 0.00000000e+00, 5.0000000000, 4.0000000000, 0.2299840833
          87, 3.27471349e-01, 2.13811886e-02, 0.00000000e+00, 0.00000000e+00, 0.00000000e+00, 3.38227431e-02, 1.42323506e-02, 3.27859848e-01, 0.00000000e+00, 1.53158627e+01, 1.25000000e+00, 0.00000000e+00, -3.48883471e+00, -1.51835260e+00, -1.61499948e+00, 1.86702000e+00, 0.00000000e+00, 5.0000000000, 4.0000000000, 0.2326049333
          88, 3.27417423e-01, 2.13780265e-02, 0.00000000e+00, 0.00000000e+00, 0.00000000e+00, 3.38089506e-02, 1.42303656e-02, 3.27805866e-01, 0.00000000e+00, 1.53156057e+01, 1.25000000e+00, 0.00000000e+00, -3.50749906e+00, -1.53723984e+00, -1.63543234e+00, 1.84855516e+00, 0.00000000e+00, 5.0000000000, 4.0000000000, 0.2352312833
          89, 3.27365335e-01, 2.13749963e-02, 0.00000000e+00, 0.00000000e+00, 0.00000000e+00, 3.37955816e-02, 1.42284725e-02, 3.27753724e-01, 0.00000000e+00, 1.53153399e+01, 1.25000000e+00, 0.00000000e+00, -3.52581998e+00, -1.55567595e+00, -1.65368054e+00, 1.83038294e+00, 0.00000000e+00, 5.0000000000, 4.0000000000, 0.2378320333
          90, 3.27315171e-01, 2.13720953e-02, 0.00000000e+00, 0.00000000e+00, 0.00000000e+00, 3.37826881e-02, 1.42266665e-02, 3.27703509e-01, 0.00000000e+00, 1.53150716e+01, 1.25000000e+00, 0.00000000e+00, -3.54387974e+00, -1.57368640e+00, -1.66981684e+00, 1.81239944e+00, 0.00000000e+00, 5.0000000000, 4.0000000000, 0.2404294667
          91, 3.27267039e-01, 2.13693260e-02, 0.00000000e+00, 0.00000000e+00, 0.00000000e+00, 3.37703096e-02, 1.42249479e-02, 3.27655327e-01, 0.00000000e+00, 1.53148040e+01, 1.25000000e+00, 0.00000000e+00, -3.56177974e+00, -1.59134024e+00, -1.68390894e+00, 1.79449626e+00, 0.00000000e+00, 5.0000000000, 4.0000000000, 0.2430284667
          92, 3.27221049e-01, 2.13666925e-02, 0.00000000e+00, 0.00000000e+00, 0.00000000e+00, 3.37584847e-02, 1.42233183e-02, 3.27609291e-01, 0.00000000e+00, 1.53145391e+01, 1.25000000e+00, 0.00000000e+00, -3.57963804e+00, -1.60865921e+00, -1.69608761e+00, 1.77656736e+00, 0.00000000e+00, 5.0000000000, 4.0000000000, 0.2456296500
          93, 3.27177316e-01, 2.13641975e-02, 0.00000000e+00, 0.00000000e+00, 0.00000000e+00, 3.37472596e-02, 1.42217779e-02, 3.27565515e-01, 0.00000000e+00, 1.53142806e+01, 1.25000000e+00, 0.00000000e+00, -3.59757768e+00, -1.62563017e+00, -1.70689246e+00, 1.75850598e+00, 0.00000000e+00, 5.0000000000, 4.0000000000, 0.2482457167
          94, 3.27135951e-01, 2.13618438e-02, 0.00000000e+00, 0.00000000e+00, 0.00000000e+00, 3.37366763e-02, 1.42203271e-02, 3.27524108e-01, 0.00000000e+00, 1.53140316e+01, 1.25000000e+00, 0.00000000e+00, -3.61571929e+00, -1.64228815e+00, -1.71700788e+00, 1.74020110e+00, 0.00000000e+00, 5.0000000000, 4.0000000000, 0.2509546500
          95, 3.27097047e-01, 2.13596351e-02, 0.00000000e+00, 0.00000000e+00, 0.00000000e+00, 3.37267653e-02, 1.42189676e-02, 3.27485165e-01, 0.00000000e+00, 1.53137937e+01, 1.25000000e+00, 0.00000000e+00, -3.63418291e+00, -1.65870756e+00, -1.72703633e+00, 1.72154406e+00, 0.00000000e+00, 5.0000000000, 4.0000000000, 0.2535659833
          96, 3.27060681e-01, 2.13575746e-02, 0.00000000e+00, 0.00000000e+00, 0.00000000e+00, 3.37175505e-02, 1.42177010e-02, 3.27448762e-01, 0.00000000e+00, 1.53135684e+01, 1.25000000e+00, 0.00000000e+00, -3.65307181e+00, -1.67493913e+00, -1.73756344e+00, 1.70245062e+00, 0.00000000e+00, 5.0000000000, 4.0000000000, 0.2561650500
          97, 3.27026909e-01, 2.13556633e-02, 0.00000000e+00, 0.00000000e+00, 0.00000000e+00, 3.37090525e-02, 1.42165268e-02, 3.27414957e-01, 0.00000000e+00, 1.53133576e+01, 1.25000000e+00, 0.00000000e+00, -3.67248417e+00, -1.69106867e+00, -1.74898761e+00, 1.68284745e+00, 0.00000000e+00, 5.0000000000, 4.0000000000, 0.2587644500
          98, 3.26995765e-01, 2.13539017e-02, 0.00000000e+00, 0.00000000e+00, 0.00000000e+00, 3.37012817e-02, 1.42154450e-02, 3.27383782e-01, 0.00000000e+00, 1.53131624e+01, 1.25000000e+00, 0.00000000e+00, -3.69248332e+00, -1.70719812e+00, -1.76173986e+00, 1.66269476e+00, 0.00000000e+00, 5.0000000000, 4.0000000000, 0.2613632000
          99, 3.26967251e-01, 2.13522913e-02, 0.00000000e+00, 0.00000000e+00, 0.00000000e+00, 3.36942290e-02, 1.42144571e-02, 3.27355240e-01, 0.00000000e+00, 1.53129819e+01, 1.25000000e+00, 0.00000000e+00, -3.71311670e+00, -1.72341880e+00, -1.77617216e+00, 1.64195804e+00, 0.00000000e+00, 5.0000000000, 4.0000000000, 0.2639787167
         100, 3.26941347e-01, 2.13508297e-02, 0.00000000e+00, 0.00000000e+00, 0.00000000e+00, 3.36878875e-02, 1.42135609e-02, 3.27329309e-01, 0.00000000e+00, 1.53128169e+01, 1.25000000e+00, 0.00000000e+00, -3.73440103e+00, -1.73984170e+00, -1.79261159e+00, 1.62062702e+00, 0.00000000e+00, 5.0000000000, 4.0000000000, 0.2667221333
         101, 3.26918005e-01, 2.13495133e-02, 0.00000000e+00, 0.00000000e+00, 0.00000000e+00, 3.36822420e-02, 1.42127540e-02, 3.27305945e-01, 0.00000000e+00, 1.53126678e+01, 1.25000000e+00, 0.00000000e+00, -3.75634901e+00, -1.75658562e+00, -1.81122834e+00, 1.59869057e+00, 0.00000000e+00, 5.0000000000, 4.0000000000, 0.2693304167
         102, 3.26897156e-01, 2.13483365e-02, 0.00000000e+00, 0.00000000e+00, 0.00000000e+00, 3.36772723e-02, 1.42120323e-02, 3.27285075e-01, 0.00000000e+00, 1.53125353e+01, 1.25000000e+00, 0.00000000e+00, -3.77897694e+00, -1.77377321e+00, -1.83207257e+00, 1.57611536e+00, 0.00000000e+00, 5.0000000000, 4.0000000000, 0.2719542500
         103, 3.26878710e-01, 2.13472935e-02, 0.00000000e+00, 0.00000000e+00, 0.00000000e+00, 3.36729494e-02, 1.42113919e-02, 3.27266610e-01, 0.00000000e+00, 1.53124193e+01, 1.25000000e+00, 0.00000000e+00, -3.80228946e+00, -1.79150529e+00, -1.85504601e+00, 1.55288169e+00, 0.00000000e+00, 5.0000000000, 4.0000000000, 0.2745715000
         104, 3.26862553e-01, 2.13463776e-02, 0.00000000e+00, 0.00000000e+00, 0.00000000e+00, 3.36692366e-02, 1.42108287e-02, 3.27250437e-01, 0.00000000e+00, 1.53123195e+01, 1.25000000e+00, 0.00000000e+00, -3.82624733e+00, -1.80992278e+00, -1.88020322e+00, 1.52902570e+00, 0.00000000e+00, 5.0000000000, 4.0000000000, 0.2772011667
         105, 3.26848553e-01, 2.13455818e-02, 0.00000000e+00, 0.00000000e+00, 0.00000000e+00, 3.36660901e-02, 1.42103385e-02, 3.27236423e-01, 0.00000000e+00, 1.53122345e+01, 1.25000000e+00, 0.00000000e+00, -3.85083584e+00, -1.82915446e+00, -1.90754129e+00, 1.50454028e+00, 0.00000000e+00, 5.0000000000, 4.0000000000, 0.2797949333
         106, 3.26836561e-01, 2.13448972e-02, 0.00000000e+00, 0.00000000e+00, 0.00000000e+00, 3.36634675e-02, 1.42099157e-02, 3.27224419e-01, 0.00000000e+00, 1.53121637e+01, 1.25000000e+00, 0.00000000e+00, -3.87604735e+00, -1.84929301e+00, -1.93687875e+00, 1.47941125e+00, 0.00000000e+00, 5.0000000000, 4.0000000000, 0.2823903667
         107, 3.26826416e-01, 2.13443155e-02, 0.00000000e+00, 0.00000000e+00, 0.00000000e+00, 3.36613191e-02, 1.42095554e-02, 3.27214264e-01, 0.00000000e+00, 1.53121058e+01, 1.25000000e+00, 0.00000000e+00, -3.90186999e+00, -1.87037589e+00, -1.96798579e+00, 1.45364270e+00, 0.00000000e+00, 5.0000000000, 4.0000000000, 0.2851216833
         108, 3.26817948e-01, 2.13438274e-02, 0.00000000e+00, 0.00000000e+00, 0.00000000e+00, 3.36595944e-02, 1.42092521e-02, 3.27205788e-01, 0.00000000e+00, 1.53120592e+01, 1.25000000e+00, 0.00000000e+00, -3.92828911e+00, -1.89246597e+00, -2.00055112e+00, 1.42724572e+00, 0.00000000e+00, 5.0000000000, 4.0000000000, 0.2877332667
         109, 3.26810983e-01, 2.13434234e-02, 0.00000000e+00, 0.00000000e+00, 0.00000000e+00, 3.36582430e-02, 1.42090002e-02, 3.27198815e-01, 0.00000000e+00, 1.53120227e+01, 1.25000000e+00, 0.00000000e+00, -3.95528136e+00, -1.91562658e+00, -2.03428443e+00, 1.40024483e+00, 0.00000000e+00, 5.0000000000, 4.0000000000, 0.2903472833
         110, 3.26805341e-01, 2.13430948e-02, 0.00000000e+00, 0.00000000e+00, 0.00000000e+00, 3.36572119e-02, 1.42087948e-02, 3.27193167e-01, 0.00000000e+00, 1.53119940e+01, 1.25000000e+00, 0.00000000e+00, -3.98278090e+00, -1.93990251e+00, -2.06873089e+00, 1.37271250e+00, 0.00000000e+00, 5.0000000000, 4.0000000000, 0.2929638000
         111, 3.26800847e-01, 2.13428330e-02, 0.00000000e+00, 0.00000000e+00, 0.00000000e+00, 3.36564490e-02, 1.42086311e-02, 3.27188668e-01, 0.00000000e+00, 1.53119713e+01, 1.25000000e+00, 0.00000000e+00, -4.01067785e+00, -1.96528696e+00, -2.10329989e+00, 1.34477341e+00, 0.00000000e+00, 5.0000000000, 4.0000000000, 0.2956445333
         112, 3.26797329e-01, 2.13426291e-02, 0.00000000e+00, 0.00000000e+00, 0.00000000e+00, 3.36559079e-02, 1.42085039e-02, 3.27185147e-01, 0.00000000e+00, 1.53119528e+01, 1.25000000e+00, 0.00000000e+00, -4.03890654e+00, -1.99173444e+00, -2.13749317e+00, 1.31647480e+00, 0.00000000e+00, 5.0000000000, 4.0000000000, 0.2983327333
         113, 3.26794629e-01, 2.13424746e-02, 0.00000000e+00, 0.00000000e+00, 0.00000000e+00, 3.36555437e-02, 1.42084084e-02, 3.27182444e-01, 0.00000000e+00, 1.53119371e+01, 1.25000000e+00, 0.00000000e+00, -4.06735022e+00, -2.01915905e+00, -2.17068795e+00, 1.28795077e+00, 0.00000000e+00, 5.0000000000, 4.0000000000, 0.3010186667
         114, 3.26792597e-01, 2.13423615e-02, 0.00000000e+00, 0.00000000e+00, 0.00000000e+00, 3.36553180e-02, 1.42083397e-02, 3.27180411e-01, 0.00000000e+00, 1.53119231e+01, 1.25000000e+00, 0.00000000e+00, -4.09590261e+00, -2.04745304e+00, -2.20260739e+00, 1.25932092e+00, 0.00000000e+00, 5.0000000000, 4.0000000000, 0.3036836333
         115, 3.26791103e-01, 2.13422822e-02, 0.00000000e+00, 0.00000000e+00, 0.00000000e+00, 3.36551980e-02, 1.42082929e-02, 3.27178915e-01, 0.00000000e+00, 1.53119100e+01, 1.25000000e+00, 0.00000000e+00, -4.12443034e+00, -2.07641038e+00, -2.23283694e+00, 1.23073501e+00, 0.00000000e+00, 5.0000000000, 4.0000000000, 0.3063599500
         116, 3.26790031e-01, 2.13422299e-02, 0.00000000e+00, 0.00000000e+00, 0.00000000e+00, 3.36551548e-02, 1.42082641e-02, 3.27177842e-01, 0.00000000e+00, 1.53118972e+01, 1.25000000e+00, 0.00000000e+00, -4.15278959e+00, -2.10578615e+00, -2.26115754e+00, 1.20235326e+00, 0.00000000e+00, 5.0000000000, 4.0000000000, 0.3089843667
         117, 3.26789279e-01, 2.13421991e-02, 0.00000000e+00, 0.00000000e+00, 0.00000000e+00, 3.36551643e-02, 1.42082496e-02, 3.27177090e-01, 0.00000000e+00, 1.53118841e+01, 1.25000000e+00, 0.00000000e+00, -4.18084447e+00, -2.13534839e+00, -2.28739987e+00, 1.17431304e+00, 0.00000000e+00, 5.0000000000, 4.0000000000, 0.3116084833
         118, 3.26788766e-01, 2.13421843e-02, 0.00000000e+00, 0.00000000e+00, 0.00000000e+00, 3.36552084e-02, 1.42082461e-02, 3.27176577e-01, 0.00000000e+00, 1.53118707e+01, 1.25000000e+00, 0.00000000e+00, -4.20847467e+00, -2.16483881e+00, -2.31179501e+00, 1.14671995e+00, 0.00000000e+00, 5.0000000000, 4.0000000000, 0.3142230500
         119, 3.26788426e-01, 2.13421812e-02, 0.00000000e+00, 0.00000000e+00, 0.00000000e+00, 3.36552746e-02, 1.42082504e-02, 3.27176237e-01, 0.00000000e+00, 1.53118570e+01, 1.25000000e+00, 0.00000000e+00, -4.23556540e+00, -2.19393227e+00, -2.33471741e+00, 1.11968836e+00, 0.00000000e+00, 5.0000000000, 4.0000000000, 0.3169158333
         120, 3.26788212e-01, 2.13421860e-02, 0.00000000e+00, 0.00000000e+00, 0.00000000e+00, 3.36553544e-02, 1.42082598e-02, 3.27176023e-01, 0.00000000e+00, 1.53118435e+01, 1.25000000e+00, 0.00000000e+00, -4.26204164e+00, -2.22234501e+00, -2.35659771e+00, 1.09329262e+00, 0.00000000e+00, 5.0000000000, 4.0000000000, 0.3197844667
         121, 3.26788089e-01, 2.13421963e-02, 0.00000000e+00, 0.00000000e+00, 0.00000000e+00, 3.36554418e-02, 1.42082728e-02, 3.27175900e-01, 0.00000000e+00, 1.53118304e+01, 1.25000000e+00, 0.00000000e+00, -4.28786532e+00, -2.24981389e+00, -2.37782742e+00, 1.06756707e+00, 0.00000000e+00, 5.0000000000, 4.0000000000, 0.3224278833
         122, 3.26788035e-01, 2.13422104e-02, 0.00000000e+00, 0.00000000e+00, 0.00000000e+00, 3.36555341e-02, 1.42082881e-02, 3.27175846e-01, 0.00000000e+00, 1.53118177e+01, 1.25000000e+00, 0.00000000e+00, -4.31301426e+00, -2.27616983e+00, -2.39879853e+00, 1.04252059e+00, 0.00000000e+00, 5.0000000000, 4.0000000000, 0.3250390833
         123, 3.26788042e-01, 2.13422274e-02, 0.00000000e+00, 0.00000000e+00, 0.00000000e+00, 3.36556324e-02, 1.42083049e-02, 3.27175853e-01, 0.00000000e+00, 1.53118058e+01, 1.25000000e+00, 0.00000000e+00, -4.33747393e+00, -2.30133476e+00, -2.41982017e+00, 1.01815272e+00, 0.00000000e+00, 5.0000000000, 4.0000000000, 0.3276399000
         124, 3.26788108e-01, 2.13422466e-02, 0.00000000e+00, 0.00000000e+00, 0.00000000e+00, 3.36557402e-02, 1.42083227e-02, 3.27175920e-01, 0.00000000e+00, 1.53117952e+01, 1.25000000e+00, 0.00000000e+00, -4.36128147e+00, -2.32532635e+00, -2.44110728e+00, 9.94419214e-01, 0.00000000e+00, 5.0000000000, 4.0000000000, 0.3302530500
         125, 3.26788245e-01, 2.13422683e-02, 0.00000000e+00, 0.00000000e+00, 0.00000000e+00, 3.36558621e-02, 1.42083414e-02, 3.27176058e-01, 0.00000000e+00, 1.53117860e+01, 1.25000000e+00, 0.00000000e+00, -4.38454816e+00, -2.34825704e+00, -2.46288359e+00, 9.71203518e-01, 0.00000000e+00, 5.0000000000, 4.0000000000, 0.3328618833
         126, 3.26788466e-01, 2.13422924e-02, 0.00000000e+00, 0.00000000e+00, 0.00000000e+00, 3.36560060e-02, 1.42083607e-02, 3.27176279e-01, 0.00000000e+00, 1.53117791e+01, 1.25000000e+00, 0.00000000e+00, -4.40730860e+00, -2.37032112e+00, -2.48525493e+00, 9.48457889e-01, 0.00000000e+00, 5.0000000000, 4.0000000000, 0.3355278667
         127, 3.26788794e-01, 2.13423194e-02, 0.00000000e+00, 0.00000000e+00, 0.00000000e+00, 3.36561807e-02, 1.42083805e-02, 3.27176607e-01, 0.00000000e+00, 1.53117751e+01, 1.25000000e+00, 0.00000000e+00, -4.42962979e+00, -2.39176909e+00, -2.50823038e+00, 9.26104911e-01, 0.00000000e+00, 5.0000000000, 4.0000000000, 0.3381522333
         128, 3.26789253e-01, 2.13423501e-02, 0.00000000e+00, 0.00000000e+00, 0.00000000e+00, 3.36563955e-02, 1.42084013e-02, 3.27177067e-01, 0.00000000e+00, 1.53117745e+01, 1.25000000e+00, 0.00000000e+00, -4.45162520e+00, -2.41282636e+00, -2.53172725e+00, 9.04041522e-01, 0.00000000e+00, 5.0000000000, 4.0000000000, 0.3408494667
         129, 3.26789867e-01, 2.13423859e-02, 0.00000000e+00, 0.00000000e+00, 0.00000000e+00, 3.36566583e-02, 1.42084236e-02, 3.27177682e-01, 0.00000000e+00, 1.53117777e+01, 1.25000000e+00, 0.00000000e+00, -4.47342961e+00, -2.43373800e+00, -2.55561193e+00, 8.82141908e-01, 0.00000000e+00, 5.0000000000, 4.0000000000, 0.3434884500
         130, 3.26790661e-01, 2.13424278e-02, 0.00000000e+00, 0.00000000e+00, 0.00000000e+00, 3.36569762e-02, 1.42084482e-02, 3.27178476e-01, 0.00000000e+00, 1.53117848e+01, 1.25000000e+00, 0.00000000e+00, -4.49512337e+00, -2.45473457e+00, -2.57970450e+00, 8.60339585e-01, 0.00000000e+00, 5.0000000000, 4.0000000000, 0.3461118333
         131, 3.26791655e-01, 2.13424771e-02, 0.00000000e+00, 0.00000000e+00, 0.00000000e+00, 3.36573551e-02, 1.42084758e-02, 3.27179471e-01, 0.00000000e+00, 1.53117960e+01, 1.25000000e+00, 0.00000000e+00, -4.51679438e+00, -2.47603248e+00, -2.60371411e+00, 8.38554838e-01, 0.00000000e+00, 5.0000000000, 4.0000000000, 0.3487406500
         132, 3.26792869e-01, 2.13425353e-02, 0.00000000e+00, 0.00000000e+00, 0.00000000e+00, 3.36577984e-02, 1.42085075e-02, 3.27180686e-01, 0.00000000e+00, 1.53118111e+01, 1.25000000e+00, 0.00000000e+00, -4.53850433e+00, -2.49776675e+00, -2.62737846e+00, 8.16743559e-01, 0.00000000e+00, 5.0000000000, 4.0000000000, 0.3514780667
         133, 3.26794317e-01, 2.13426034e-02, 0.00000000e+00, 0.00000000e+00, 0.00000000e+00, 3.36583104e-02, 1.42085440e-02, 3.27182135e-01, 0.00000000e+00, 1.53118301e+01, 1.25000000e+00, 0.00000000e+00, -4.56038073e+00, -2.51999439e+00, -2.65057866e+00, 7.94748809e-01, 0.00000000e+00, 5.0000000000, 4.0000000000, 0.3541040333
         134, 3.26796010e-01, 2.13426819e-02, 0.00000000e+00, 0.00000000e+00, 0.00000000e+00, 3.36588941e-02, 1.42085856e-02, 3.27183830e-01, 0.00000000e+00, 1.53118531e+01, 1.25000000e+00, 0.00000000e+00, -4.58242217e+00, -2.54279023e+00, -2.67314870e+00, 7.72616681e-01, 0.00000000e+00, 5.0000000000, 4.0000000000, 0.3568675000
         135, 3.26797956e-01, 2.13427713e-02, 0.00000000e+00, 0.00000000e+00, 0.00000000e+00, 3.36595513e-02, 1.42086325e-02, 3.27185777e-01, 0.00000000e+00, 1.53118801e+01, 1.25000000e+00, 0.00000000e+00, -4.60465497e+00, -2.56612982e+00, -2.69495973e+00, 7.50345906e-01, 0.00000000e+00, 5.0000000000, 4.0000000000, 0.3602223333
         136, 3.26800157e-01, 2.13428720e-02, 0.00000000e+00, 0.00000000e+00, 0.00000000e+00, 3.36602815e-02, 1.42086851e-02, 3.27187980e-01, 0.00000000e+00, 1.53119111e+01, 1.25000000e+00, 0.00000000e+00, -4.62708221e+00, -2.58991529e+00, -2.71594474e+00, 7.27952266e-01, 0.00000000e+00, 5.0000000000, 4.0000000000, 0.3628620667
         137, 3.26802612e-01, 2.13429841e-02, 0.00000000e+00, 0.00000000e+00, 0.00000000e+00, 3.36610833e-02, 1.42087436e-02, 3.27190437e-01, 0.00000000e+00, 1.53119457e+01, 1.25000000e+00, 0.00000000e+00, -4.64966997e+00, -2.61401525e+00, -2.73606615e+00, 7.05484590e-01, 0.00000000e+00, 5.0000000000, 4.0000000000, 0.3654289500
         138, 3.26805314e-01, 2.13431079e-02, 0.00000000e+00, 0.00000000e+00, 0.00000000e+00, 3.36619528e-02, 1.42088084e-02, 3.27193140e-01, 0.00000000e+00, 1.53119834e+01, 1.25000000e+00, 0.00000000e+00, -4.67233526e+00, -2.63827906e+00, -2.75529531e+00, 6.83040140e-01, 0.00000000e+00, 5.0000000000, 4.0000000000, 0.3680351000
         139, 3.26808250e-01, 2.13432431e-02, 0.00000000e+00, 0.00000000e+00, 0.00000000e+00, 3.36628859e-02, 1.42088796e-02, 3.27196079e-01, 0.00000000e+00, 1.53120240e+01, 1.25000000e+00, 0.00000000e+00, -4.69493550e+00, -2.66251857e+00, -2.77369431e+00, 6.60787353e-01, 0.00000000e+00, 5.0000000000, 4.0000000000, 0.3706035667
         140, 3.26811408e-01, 2.13433895e-02, 0.00000000e+00, 0.00000000e+00, 0.00000000e+00, 3.36638772e-02, 1.42089570e-02, 3.27199240e-01, 0.00000000e+00, 1.53120670e+01, 1.25000000e+00, 0.00000000e+00, -4.71735296e+00, -2.68653782e+00, -2.79129400e+00, 6.38825455e-01, 0.00000000e+00, 5.0000000000, 4.0000000000, 0.3731704167
         141, 3.26814770e-01, 2.13435463e-02, 0.00000000e+00, 0.00000000e+00, 0.00000000e+00, 3.36649204e-02, 1.42090405e-02, 3.27202604e-01, 0.00000000e+00, 1.53121119e+01, 1.25000000e+00, 0.00000000e+00, -4.73936598e+00, -2.71015231e+00, -2.80814839e+00, 6.17366503e-01, 0.00000000e+00, 5.0000000000, 4.0000000000, 0.3757786000
         142, 3.26818314e-01, 2.13437129e-02, 0.00000000e+00, 0.00000000e+00, 0.00000000e+00, 3.36660093e-02, 1.42091297e-02, 3.27206151e-01, 0.00000000e+00, 1.53121585e+01, 1.25000000e+00, 0.00000000e+00, -4.76075800e+00, -2.73312712e+00, -2.82446247e+00, 5.96623180e-01, 0.00000000e+00, 5.0000000000, 4.0000000000, 0.3783398167
         143, 3.26822020e-01, 2.13438883e-02, 0.00000000e+00, 0.00000000e+00, 0.00000000e+00, 3.36671364e-02, 1.42092243e-02, 3.27209859e-01, 0.00000000e+00, 1.53122062e+01, 1.25000000e+00, 0.00000000e+00, -4.78120737e+00, -2.75519942e+00, -2.84022253e+00, 5.76934005e-01, 0.00000000e+00, 5.0000000000, 4.0000000000, 0.3816295333
         144, 3.26825862e-01, 2.13440718e-02, 0.00000000e+00, 0.00000000e+00, 0.00000000e+00, 3.36682944e-02, 1.42093238e-02, 3.27213705e-01, 0.00000000e+00, 1.53122547e+01, 1.25000000e+00, 0.00000000e+00, -4.80038382e+00, -2.77606645e+00, -2.85564712e+00, 5.58607611e-01, 0.00000000e+00, 5.0000000000, 4.0000000000, 0.3846151500
         145, 3.26829818e-01, 2.13442620e-02, 0.00000000e+00, 0.00000000e+00, 0.00000000e+00, 3.36694764e-02, 1.42094277e-02, 3.27217664e-01, 0.00000000e+00, 1.53123035e+01, 1.25000000e+00, 0.00000000e+00, -4.81796557e+00, -2.79543442e+00, -2.87081052e+00, 5.41915861e-01, 0.00000000e+00, 5.0000000000, 4.0000000000, 0.3872470167
         146, 3.26833862e-01, 2.13444579e-02, 0.00000000e+00, 0.00000000e+00, 0.00000000e+00, 3.36706748e-02, 1.42095353e-02, 3.27221711e-01, 0.00000000e+00, 1.53123525e+01, 1.25000000e+00, 0.00000000e+00, -4.83367386e+00, -2.81312110e+00, -2.88559931e+00, 5.27066062e-01, 0.00000000e+00, 5.0000000000, 4.0000000000, 0.3898255667
         147, 3.26837970e-01, 2.13446583e-02, 0.00000000e+00, 0.00000000e+00, 0.00000000e+00, 3.36718826e-02, 1.42096461e-02, 3.27225823e-01, 0.00000000e+00, 1.53124011e+01, 1.25000000e+00, 0.00000000e+00, -4.84734526e+00, -2.82896618e+00, -2.89995982e+00, 5.14160456e-01, 0.00000000e+00, 5.0000000000, 4.0000000000, 0.3924290833
         148, 3.26842118e-01, 2.13448622e-02, 0.00000000e+00, 0.00000000e+00, 0.00000000e+00, 3.36730930e-02, 1.42097595e-02, 3.27229974e-01, 0.00000000e+00, 1.53124492e+01, 1.25000000e+00, 0.00000000e+00, -4.85887803e+00, -2.84289806e+00, -2.91410362e+00, 5.03261332e-01, 0.00000000e+00, 5.0000000000, 4.0000000000, 0.3950202333
         149, 3.26846283e-01, 2.13450684e-02, 0.00000000e+00, 0.00000000e+00, 0.00000000e+00, 3.36742997e-02, 1.42098748e-02, 3.27234142e-01, 0.00000000e+00, 1.53124964e+01, 1.25000000e+00, 0.00000000e+00, -4.86833116e+00, -2.85487570e+00, -2.92810558e+00, 4.94261352e-01, 0.00000000e+00, 5.0000000000, 4.0000000000, 0.3976381167
         150, 3.26850443e-01, 2.13452758e-02, 0.00000000e+00, 0.00000000e+00, 0.00000000e+00, 3.36754968e-02, 1.42099913e-02, 3.27238306e-01, 0.00000000e+00, 1.53125425e+01, 1.25000000e+00, 0.00000000e+00, -4.87588699e+00, -2.86497144e+00, -2.94196811e+00, 4.86949330e-01, 0.00000000e+00, 5.0000000000, 4.0000000000, 0.4002705333
         151, 3.26854579e-01, 2.13454834e-02, 0.00000000e+00, 0.00000000e+00, 0.00000000e+00, 3.36766790e-02, 1.42101087e-02, 3.27242446e-01, 0.00000000e+00, 1.53125874e+01, 1.25000000e+00, 0.00000000e+00, -4.88181619e+00, -2.87334221e+00, -2.95567941e+00, 4.81054946e-01, 0.00000000e+00, 5.0000000000, 4.0000000000, 0.4030597667
         152, 3.26858672e-01, 2.13456902e-02, 0.00000000e+00, 0.00000000e+00, 0.00000000e+00, 3.36778415e-02, 1.42102262e-02, 3.27246542e-01, 0.00000000e+00, 1.53126307e+01, 1.25000000e+00, 0.00000000e+00, -4.88645310e+00, -2.88019892e+00, -2.96924087e+00, 4.76262037e-01, 0.00000000e+00, 5.0000000000, 4.0000000000, 0.4056527500
         153, 3.26862706e-01, 2.13458954e-02, 0.00000000e+00, 0.00000000e+00, 0.00000000e+00, 3.36789803e-02, 1.42103433e-02, 3.27250580e-01, 0.00000000e+00, 1.53126725e+01, 1.25000000e+00, 0.00000000e+00, -4.89016446e+00, -2.88578804e+00, -2.98267320e+00, 4.72229366e-01, 0.00000000e+00, 5.0000000000, 4.0000000000, 0.4082109833
         154, 3.26866667e-01, 2.13460981e-02, 0.00000000e+00, 0.00000000e+00, 0.00000000e+00, 3.36800919e-02, 1.42104596e-02, 3.27254544e-01, 0.00000000e+00, 1.53127127e+01, 1.25000000e+00, 0.00000000e+00, -4.89331851e+00, -2.89037879e+00, -2.99600850e+00, 4.68618416e-01, 0.00000000e+00, 5.0000000000, 4.0000000000, 0.4107740000
         155, 3.26870542e-01, 2.13462977e-02, 0.00000000e+00, 0.00000000e+00, 0.00000000e+00, 3.36811732e-02, 1.42105746e-02, 3.27258422e-01, 0.00000000e+00, 1.53127510e+01, 1.25000000e+00, 0.00000000e+00, -4.89625834e+00, -2.89424833e+00, -3.00929581e+00, 4.65117584e-01, 0.00000000e+00, 5.0000000000, 4.0000000000, 0.4133282000
         156, 3.26874321e-01, 2.13464935e-02, 0.00000000e+00, 0.00000000e+00, 0.00000000e+00, 3.36822218e-02, 1.42106879e-02, 3.27262205e-01, 0.00000000e+00, 1.53127876e+01, 1.25000000e+00, 0.00000000e+00, -4.89927784e+00, -2.89767506e+00, -3.02258395e+00, 4.61463115e-01, 0.00000000e+00, 5.0000000000, 4.0000000000, 0.4158851500
         157, 3.26877995e-01, 2.13466851e-02, 0.00000000e+00, 0.00000000e+00, 0.00000000e+00, 3.36832360e-02, 1.42107993e-02, 3.27265883e-01, 0.00000000e+00, 1.53128223e+01, 1.25000000e+00, 0.00000000e+00, -4.90264036e+00, -2.90090440e+00, -3.03586329e+00, 4.57419028e-01, 0.00000000e+00, 5.0000000000, 4.0000000000, 0.4184533500
         158, 3.26881559e-01, 2.13468720e-02, 0.00000000e+00, 0.00000000e+00, 0.00000000e+00, 3.36842150e-02, 1.42109084e-02, 3.27269449e-01, 0.00000000e+00, 1.53128551e+01, 1.25000000e+00, 0.00000000e+00, -4.90652963e+00, -2.90417049e+00, -3.04917093e+00, 4.52833333e-01, 0.00000000e+00, 5.0000000000, 4.0000000000, 0.4209965167
         159, 3.26885006e-01, 2.13470538e-02, 0.00000000e+00, 0.00000000e+00, 0.00000000e+00, 3.36851581e-02, 1.42110149e-02, 3.27272900e-01, 0.00000000e+00, 1.53128863e+01, 1.25000000e+00, 0.00000000e+00, -4.91115703e+00, -2.90770627e+00, -3.06263152e+00, 4.47494885e-01, 0.00000000e+00, 5.0000000000, 4.0000000000, 0.4235416167
         160, 3.26888335e-01, 2.13472301e-02, 0.00000000e+00, 0.00000000e+00, 0.00000000e+00, 3.36860651e-02, 1.42111186e-02, 3.27276232e-01, 0.00000000e+00, 1.53129157e+01, 1.25000000e+00, 0.00000000e+00, -4.91664052e+00, -2.91168067e+00, -3.07630726e+00, 4.41305774e-01, 0.00000000e+00, 5.0000000000, 4.0000000000, 0.4260943833
         161, 3.26891542e-01, 2.13474006e-02, 0.00000000e+00, 0.00000000e+00, 0.00000000e+00, 3.36869360e-02, 1.42112191e-02, 3.27279442e-01, 0.00000000e+00, 1.53129436e+01, 1.25000000e+00, 0.00000000e+00, -4.92305352e+00, -2.91623475e+00, -3.09017612e+00, 4.34204730e-01, 0.00000000e+00, 5.0000000000, 4.0000000000, 0.4286374000
         162, 3.26894627e-01, 2.13475653e-02, 0.00000000e+00, 0.00000000e+00, 0.00000000e+00, 3.36877710e-02, 1.42113164e-02, 3.27282530e-01, 0.00000000e+00, 1.53129700e+01, 1.25000000e+00, 0.00000000e+00, -4.93043844e+00, -2.92147645e+00, -3.10421915e+00, 4.26158883e-01, 0.00000000e+00, 5.0000000000, 4.0000000000, 0.4311820833
         163, 3.26897590e-01, 2.13477239e-02, 0.00000000e+00, 0.00000000e+00, 0.00000000e+00, 3.36885705e-02, 1.42114104e-02, 3.27285495e-01, 0.00000000e+00, 1.53129950e+01, 1.25000000e+00, 0.00000000e+00, -4.93881876e+00, -2.92748130e+00, -3.11844803e+00, 4.17150216e-01, 0.00000000e+00, 5.0000000000, 4.0000000000, 0.4337544833
         164, 3.26900431e-01, 2.13478765e-02, 0.00000000e+00, 0.00000000e+00, 0.00000000e+00, 3.36893352e-02, 1.42115010e-02, 3.27288339e-01, 0.00000000e+00, 1.53130186e+01, 1.25000000e+00, 0.00000000e+00, -4.94820234e+00, -2.93429919e+00, -3.13288466e+00, 4.07173799e-01, 0.00000000e+00, 5.0000000000, 4.0000000000, 0.4363145167
         165, 3.26903152e-01, 2.13480231e-02, 0.00000000e+00, 0.00000000e+00, 0.00000000e+00, 3.36900660e-02, 1.42115881e-02, 3.27291063e-01, 0.00000000e+00, 1.53130410e+01, 1.25000000e+00, 0.00000000e+00, -4.95858131e+00, -2.94196208e+00, -3.14753798e+00, 3.96239768e-01, 0.00000000e+00, 5.0000000000, 4.0000000000, 0.4388745167
         166, 3.26905756e-01, 2.13481637e-02, 0.00000000e+00, 0.00000000e+00, 0.00000000e+00, 3.36907636e-02, 1.42116719e-02, 3.27293669e-01, 0.00000000e+00, 1.53130621e+01, 1.25000000e+00, 0.00000000e+00, -4.96993423e+00, -2.95048719e+00, -3.16240072e+00, 3.84371412e-01, 0.00000000e+00, 5.0000000000, 4.0000000000, 0.4414365167
         167, 3.26908244e-01, 2.13482983e-02, 0.00000000e+00, 0.00000000e+00, 0.00000000e+00, 3.36914290e-02, 1.42117522e-02, 3.27296159e-01, 0.00000000e+00, 1.53130821e+01, 1.25000000e+00, 0.00000000e+00, -4.98222917e+00, -2.95987833e+00, -3.17745834e+00, 3.71601837e-01, 0.00000000e+00, 5.0000000000, 4.0000000000, 0.4440523000
         168, 3.26910619e-01, 2.13484271e-02, 0.00000000e+00, 0.00000000e+00, 0.00000000e+00, 3.36920632e-02, 1.42118292e-02, 3.27298537e-01, 0.00000000e+00, 1.53131009e+01, 1.25000000e+00, 0.00000000e+00, -4.99542892e+00, -2.97012748e+00, -3.19270240e+00, 3.57968035e-01, 0.00000000e+00, 5.0000000000, 4.0000000000, 0.4466203500
         169, 3.26912885e-01, 2.13485502e-02, 0.00000000e+00, 0.00000000e+00, 0.00000000e+00, 3.36926670e-02, 1.42119028e-02, 3.27300804e-01, 0.00000000e+00, 1.53131188e+01, 1.25000000e+00, 0.00000000e+00, -5.00949155e+00, -2.98121787e+00, -3.20813654e+00, 3.43511161e-01, 0.00000000e+00, 5.0000000000, 4.0000000000, 0.4491926833
         170, 3.26915043e-01, 2.13486677e-02, 0.00000000e+00, 0.00000000e+00, 0.00000000e+00, 3.36932414e-02, 1.42119732e-02, 3.27302965e-01, 0.00000000e+00, 1.53131356e+01, 1.25000000e+00, 0.00000000e+00, -5.02437036e+00, -2.99312518e+00, -3.22375442e+00, 3.28277408e-01, 0.00000000e+00, 5.0000000000, 4.0000000000, 0.4517834167
         171, 3.26917098e-01, 2.13487797e-02, 0.00000000e+00, 0.00000000e+00, 0.00000000e+00, 3.36937873e-02, 1.42120404e-02, 3.27305021e-01, 0.00000000e+00, 1.53131515e+01, 1.25000000e+00, 0.00000000e+00, -5.04001840e+00, -3.00581862e+00, -3.23955382e+00, 3.12312709e-01, 0.00000000e+00, 5.0000000000, 4.0000000000, 0.4543485167
         172, 3.26919051e-01, 2.13488864e-02, 0.00000000e+00, 0.00000000e+00, 0.00000000e+00, 3.36943055e-02, 1.42121044e-02, 3.27306976e-01, 0.00000000e+00, 1.53131665e+01, 1.25000000e+00, 0.00000000e+00, -5.05638888e+00, -3.01926242e+00, -3.25554488e+00, 2.95662621e-01, 0.00000000e+00, 5.0000000000, 4.0000000000, 0.4569017167
         173, 3.26920906e-01, 2.13489878e-02, 0.00000000e+00, 0.00000000e+00, 0.00000000e+00, 3.36947968e-02, 1.42121654e-02, 3.27308833e-01, 0.00000000e+00, 1.53131806e+01, 1.25000000e+00, 0.00000000e+00, -5.07343637e+00, -3.03341763e+00, -3.27174662e+00, 2.78370787e-01, 0.00000000e+00, 5.0000000000, 4.0000000000, 0.4594580833
         174, 3.26922664e-01, 2.13490842e-02, 0.00000000e+00, 0.00000000e+00, 0.00000000e+00, 3.36952618e-02, 1.42122234e-02, 3.27310594e-01, 0.00000000e+00, 1.53131938e+01, 1.25000000e+00, 0.00000000e+00, -5.09111818e+00, -3.04824362e+00, -3.28818249e+00, 2.60477552e-01, 0.00000000e+00, 5.0000000000, 4.0000000000, 0.4620881167
         175, 3.26924330e-01, 2.13491757e-02, 0.00000000e+00, 0.00000000e+00, 0.00000000e+00, 3.36957012e-02, 1.42122785e-02, 3.27312261e-01, 0.00000000e+00, 1.53132062e+01, 1.25000000e+00, 0.00000000e+00, -5.10939510e+00, -3.06369909e+00, -3.30487830e+00, 2.42019589e-01, 0.00000000e+00, 5.0000000000, 4.0000000000, 0.4646473000
         176, 3.26925904e-01, 2.13492623e-02, 0.00000000e+00, 0.00000000e+00, 0.00000000e+00, 3.36961156e-02, 1.42123307e-02, 3.27313836e-01, 0.00000000e+00, 1.53132178e+01, 1.25000000e+00, 0.00000000e+00, -5.12823271e+00, -3.07974347e+00, -3.32186499e+00, 2.23028398e-01, 0.00000000e+00, 5.0000000000, 4.0000000000, 0.4671986000
         177, 3.26927390e-01, 2.13493443e-02, 0.00000000e+00, 0.00000000e+00, 0.00000000e+00, 3.36965055e-02, 1.42123803e-02, 3.27315323e-01, 0.00000000e+00, 1.53132286e+01, 1.25000000e+00, 0.00000000e+00, -5.14760213e+00, -3.09633800e+00, -3.33917842e+00, 2.03529649e-01, 0.00000000e+00, 5.0000000000, 4.0000000000, 0.4697715833
         178, 3.26928788e-01, 2.13494216e-02, 0.00000000e+00, 0.00000000e+00, 0.00000000e+00, 3.36968714e-02, 1.42124271e-02, 3.27316723e-01, 0.00000000e+00, 1.53132387e+01, 1.25000000e+00, 0.00000000e+00, -5.16748073e+00, -3.11344688e+00, -3.35685919e+00, 1.83542435e-01, 0.00000000e+00, 5.0000000000, 4.0000000000, 0.4723211333
         179, 3.26930102e-01, 2.13494945e-02, 0.00000000e+00, 0.00000000e+00, 0.00000000e+00, 3.36972139e-02, 1.42124713e-02, 3.27318038e-01, 0.00000000e+00, 1.53132479e+01, 1.25000000e+00, 0.00000000e+00, -5.18785404e+00, -3.13103840e+00, -3.37494981e+00, 1.63077212e-01, 0.00000000e+00, 5.0000000000, 4.0000000000, 0.4748709667
         180, 3.26931333e-01, 2.13495630e-02, 0.00000000e+00, 0.00000000e+00, 0.00000000e+00, 3.36975334e-02, 1.42125130e-02, 3.27319271e-01, 0.00000000e+00, 1.53132564e+01, 1.25000000e+00, 0.00000000e+00, -5.20871409e+00, -3.14908537e+00, -3.39349261e+00, 1.42138667e-01, 0.00000000e+00, 5.0000000000, 4.0000000000, 0.4780590833
         181, 3.26932483e-01, 2.13496273e-02, 0.00000000e+00, 0.00000000e+00, 0.00000000e+00, 3.36978305e-02, 1.42125522e-02, 3.27320422e-01, 0.00000000e+00, 1.53132642e+01, 1.25000000e+00, 0.00000000e+00, -5.23005417e+00, -3.16756405e+00, -3.41252401e+00, 1.20731308e-01, 0.00000000e+00, 5.0000000000, 4.0000000000, 0.4806050000
         182, 3.26933554e-01, 2.13496874e-02, 0.00000000e+00, 0.00000000e+00, 0.00000000e+00, 3.36981058e-02, 1.42125889e-02, 3.27321494e-01, 0.00000000e+00, 1.53132712e+01, 1.25000000e+00, 0.00000000e+00, -5.25187905e+00, -3.18645674e+00, -3.43210676e+00, 9.88453443e-02, 0.00000000e+00, 5.0000000000, 4.0000000000, 0.4831566000
         183, 3.26934548e-01, 2.13497435e-02, 0.00000000e+00, 0.00000000e+00, 0.00000000e+00, 3.36983598e-02, 1.42126233e-02, 3.27322489e-01, 0.00000000e+00, 1.53132776e+01, 1.25000000e+00, 0.00000000e+00, -5.27420321e+00, -3.20575377e+00, -3.45230789e+00, 7.64614313e-02, 0.00000000e+00, 5.0000000000, 4.0000000000, 0.4857473833
         184, 3.26935467e-01, 2.13497956e-02, 0.00000000e+00, 0.00000000e+00, 0.00000000e+00, 3.36985930e-02, 1.42126553e-02, 3.27323409e-01, 0.00000000e+00, 1.53132832e+01, 1.25000000e+00, 0.00000000e+00, -5.29704847e+00, -3.22545102e+00, -3.47318116e+00, 5.35541613e-02, 0.00000000e+00, 5.0000000000, 4.0000000000, 0.4882995667
         185, 3.26936313e-01, 2.13498438e-02, 0.00000000e+00, 0.00000000e+00, 0.00000000e+00, 3.36988061e-02, 1.42126850e-02, 3.27324256e-01, 0.00000000e+00, 1.53132883e+01, 1.25000000e+00, 0.00000000e+00, -5.32044111e+00, -3.24554989e+00, -3.49477063e+00, 3.00949654e-02, 0.00000000e+00, 5.0000000000, 4.0000000000, 0.4909552333
         186, 3.26937089e-01, 2.13498883e-02, 0.00000000e+00, 0.00000000e+00, 0.00000000e+00, 3.36989997e-02, 1.42127126e-02, 3.27325032e-01, 0.00000000e+00, 1.53132927e+01, 1.25000000e+00, 0.00000000e+00, -5.34441209e+00, -3.26605665e+00, -3.51711799e+00, 6.05082680e-03, 0.00000000e+00, 5.0000000000, 4.0000000000, 0.4935079833
         187, 3.26937795e-01, 2.13499291e-02, 0.00000000e+00, 0.00000000e+00, 0.00000000e+00, 3.36991745e-02, 1.42127380e-02, 3.27325739e-01, 0.00000000e+00, 1.53132965e+01, 1.25000000e+00, 0.00000000e+00, -5.36899771e+00, -3.28698205e+00, -3.54026436e+00, -1.86166960e-02, 0.00000000e+00, 5.0000000000, 4.0000000000, 0.4961506833
         188, 3.26938436e-01, 2.13499664e-02, 0.00000000e+00, 0.00000000e+00, 0.00000000e+00, 3.36993311e-02, 1.42127613e-02, 3.27326381e-01, 0.00000000e+00, 1.53132998e+01, 1.25000000e+00, 0.00000000e+00, -5.39423902e+00, -3.30834120e+00, -3.56424830e+00, -4.39504569e-02, 0.00000000e+00, 5.0000000000, 4.0000000000, 0.4987221000
         189, 3.26939013e-01, 2.13500003e-02, 0.00000000e+00, 0.00000000e+00, 0.00000000e+00, 3.36994704e-02, 1.42127826e-02, 3.27326958e-01, 0.00000000e+00, 1.53133025e+01, 1.25000000e+00, 0.00000000e+00, -5.42018144e+00, -3.33015314e+00, -3.58909516e+00, -6.99974358e-02, 0.00000000e+00, 5.0000000000, 4.0000000000, 0.5012913000
         190, 3.26939529e-01, 2.13500309e-02, 0.00000000e+00, 0.00000000e+00, 0.00000000e+00, 3.36995929e-02, 1.42128019e-02, 3.27327475e-01, 0.00000000e+00, 1.53133047e+01, 1.25000000e+00, 0.00000000e+00, -5.44687378e+00, -3.35243753e+00, -3.61484035e+00, -9.68060903e-02, 0.00000000e+00, 5.0000000000, 4.0000000000, 0.5039022667
         191, 3.26939986e-01, 2.13500583e-02, 0.00000000e+00, 0.00000000e+00, 0.00000000e+00, 3.36996996e-02, 1.42128194e-02, 3.27327933e-01, 0.00000000e+00, 1.53133065e+01, 1.25000000e+00, 0.00000000e+00, -5.47436325e+00, -3.37522091e+00, -3.64152173e+00, -1.24422686e-01, 0.00000000e+00, 5.0000000000, 4.0000000000, 0.5064435500
         192, 3.26940388e-01, 2.13500827e-02, 0.00000000e+00, 0.00000000e+00, 0.00000000e+00, 3.36997912e-02, 1.42128350e-02, 3.27328334e-01, 0.00000000e+00, 1.53133078e+01, 1.25000000e+00, 0.00000000e+00, -5.50269876e+00, -3.39852711e+00, -3.66914611e+00, -1.52895983e-01, 0.00000000e+00, 5.0000000000, 4.0000000000, 0.5089892333
         193, 3.26940736e-01, 2.13501042e-02, 0.00000000e+00, 0.00000000e+00, 0.00000000e+00, 3.36998685e-02, 1.42128488e-02, 3.27328683e-01, 0.00000000e+00, 1.53133087e+01, 1.25000000e+00, 0.00000000e+00, -5.53193012e+00, -3.42237752e+00, -3.69771489e+00, -1.82274194e-01, 0.00000000e+00, 5.0000000000, 4.0000000000, 0.5115323000
         194, 3.26941033e-01, 2.13501228e-02, 0.00000000e+00, 0.00000000e+00, 0.00000000e+00, 3.36999323e-02, 1.42128610e-02, 3.27328980e-01, 0.00000000e+00, 1.53133092e+01, 1.25000000e+00, 0.00000000e+00, -5.56210677e+00, -3.44679217e+00, -3.72722197e+00, -2.12603876e-01, 0.00000000e+00, 5.0000000000, 4.0000000000, 0.5140912500
         195, 3.26941283e-01, 2.13501389e-02, 0.00000000e+00, 0.00000000e+00, 0.00000000e+00, 3.36999835e-02, 1.42128716e-02, 3.27329230e-01, 0.00000000e+00, 1.53133094e+01, 1.25000000e+00, 0.00000000e+00, -5.59327515e+00, -3.47178971e+00, -3.75764292e+00, -2.43927161e-01, 0.00000000e+00, 5.0000000000, 4.0000000000, 0.5166424000
         196, 3.26941487e-01, 2.13501524e-02, 0.00000000e+00, 0.00000000e+00, 0.00000000e+00, 3.37000229e-02, 1.42128806e-02, 3.27329435e-01, 0.00000000e+00, 1.53133093e+01, 1.25000000e+00, 0.00000000e+00, -5.62547605e+00, -3.49738584e+00, -3.78893151e+00, -2.76279185e-01, 0.00000000e+00, 5.0000000000, 4.0000000000, 0.5193347500
         197, 3.26941650e-01, 2.13501635e-02, 0.00000000e+00, 0.00000000e+00, 0.00000000e+00, 3.37000511e-02, 1.42128882e-02, 3.27329598e-01, 0.00000000e+00, 1.53133089e+01, 1.25000000e+00, 0.00000000e+00, -5.65874239e+00, -3.52359101e+00, -3.82102051e+00, -3.09685790e-01, 0.00000000e+00, 5.0000000000, 4.0000000000, 0.5218742667
         198, 3.26941773e-01, 2.13501724e-02, 0.00000000e+00, 0.00000000e+00, 0.00000000e+00, 3.37000692e-02, 1.42128945e-02, 3.27329721e-01, 0.00000000e+00, 1.53133083e+01, 1.25000000e+00, 0.00000000e+00, -5.69309617e+00, -3.55040843e+00, -3.85381967e+00, -3.44160094e-01, 0.00000000e+00, 5.0000000000, 4.0000000000, 0.5244211500
         199, 3.26941859e-01, 2.13501792e-02, 0.00000000e+00, 0.00000000e+00, 0.00000000e+00, 3.37000777e-02, 1.42128994e-02, 3.27329807e-01, 0.00000000e+00, 1.53133075e+01, 1.25000000e+00, 0.00000000e+00, -5.72854407e+00, -3.57783221e+00, -3.88720892e+00, -3.79697282e-01, 0.00000000e+00, 5.0000000000, 4.0000000000, 0.5269624500
         200, 3.26941910e-01, 2.13501840e-02, 0.00000000e+00, 0.00000000e+00, 0.00000000e+00, 3.37000774e-02, 1.42129031e-02, 3.27329859e-01, 0.00000000e+00, 1.53133064e+01, 1.25000000e+00, 0.00000000e+00, -5.76507118e+00, -3.60584512e+00, -3.92102916e+00, -4.16267480e-01, 0.00000000e+00, 5.0000000000, 4.0000000000, 0.5295201167
         201, 3.26941931e-01, 2.13501870e-02, 0.00000000e+00, 0.00000000e+00, 0.00000000e+00, 3.37000692e-02, 1.42129056e-02, 3.27329879e-01, 0.00000000e+00, 1.53133052e+01, 1.25000000e+00, 0.00000000e+00, -5.80263234e+00, -3.63441620e+00, -3.95507406e+00, -4.53806305e-01, 0.00000000e+00, 5.0000000000, 4.0000000000, 0.5320619833
         202, 3.26941922e-01, 2.13501884e-02, 0.00000000e+00, 0.00000000e+00, 0.00000000e+00, 3.37000536e-02, 1.42129072e-02, 3.27329870e-01, 0.00000000e+00, 1.53133039e+01, 1.25000000e+00, 0.00000000e+00, -5.84114055e+00, -3.66349799e+00, -3.98908426e+00, -4.92202474e-01, 0.00000000e+00, 5.0000000000, 4.0000000000, 0.5346014667
         203, 3.26941886e-01, 2.13501881e-02, 0.00000000e+00, 0.00000000e+00, 0.00000000e+00, 3.37000314e-02, 1.42129077e-02, 3.27329834e-01, 0.00000000e+00, 1.53133024e+01, 1.25000000e+00, 0.00000000e+00, -5.88045178e+00, -3.69302351e+00, -4.02274498e+00, -5.31281890e-01, 0.00000000e+00, 5.0000000000, 4.0000000000, 0.5371948667
         204, 3.26941826e-01, 2.13501864e-02, 0.00000000e+00, 0.00000000e+00, 0.00000000e+00, 3.37000031e-02, 1.42129073e-02, 3.27329774e-01, 0.00000000e+00, 1.53133008e+01, 1.25000000e+00, 0.00000000e+00, -5.92034558e+00, -3.72290295e+00, -4.05568803e+00, -5.70788077e-01, 0.00000000e+00, 5.0000000000, 4.0000000000, 0.5397415833
         205, 3.26941743e-01, 2.13501833e-02, 0.00000000e+00, 0.00000000e+00, 0.00000000e+00, 3.36999695e-02, 1.42129060e-02, 3.27329692e-01, 0.00000000e+00, 1.53132991e+01, 1.25000000e+00, 0.00000000e+00, -5.96050203e+00, -3.75302028e+00, -4.08750050e+00, -6.10359956e-01, 0.00000000e+00, 5.0000000000, 4.0000000000, 0.5422888000
         206, 3.26941641e-01, 2.13501791e-02, 0.00000000e+00, 0.00000000e+00, 0.00000000e+00, 3.36999310e-02, 1.42129040e-02, 3.27329589e-01, 0.00000000e+00, 1.53132973e+01, 1.25000000e+00, 0.00000000e+00, -6.00047675e+00, -3.78323010e+00, -4.11774285e+00, -6.49510015e-01, 0.00000000e+00, 5.0000000000, 4.0000000000, 0.5448338833
         207, 3.26941520e-01, 2.13501738e-02, 0.00000000e+00, 0.00000000e+00, 0.00000000e+00, 3.36998882e-02, 1.42129013e-02, 3.27329469e-01, 0.00000000e+00, 1.53132955e+01, 1.25000000e+00, 0.00000000e+00, -6.03967935e+00, -3.81335522e+00, -4.14597796e+00, -6.87609308e-01, 0.00000000e+00, 5.0000000000, 4.0000000000, 0.5474191333
         208, 3.26941384e-01, 2.13501674e-02, 0.00000000e+00, 0.00000000e+00, 0.00000000e+00, 3.36998417e-02, 1.42128980e-02, 3.27329332e-01, 0.00000000e+00, 1.53132937e+01, 1.25000000e+00, 0.00000000e+00, -6.07736475e+00, -3.84318568e+00, -4.17180982e+00, -7.23890058e-01, 0.00000000e+00, 5.0000000000, 4.0000000000, 0.5499766833
         209, 3.26941233e-01, 2.13501602e-02, 0.00000000e+00, 0.00000000e+00, 0.00000000e+00, 3.36997919e-02, 1.42128941e-02, 3.27329181e-01, 0.00000000e+00, 1.53132918e+01, 1.25000000e+00, 0.00000000e+00, -6.11265222e+00, -3.87248011e+00, -4.19492652e+00, -7.57479995e-01, 0.00000000e+00, 5.0000000000, 4.0000000000, 0.5526026833
         210, 3.26941070e-01, 2.13501522e-02, 0.00000000e+00, 0.00000000e+00, 0.00000000e+00, 3.36997393e-02, 1.42128896e-02, 3.27329018e-01, 0.00000000e+00, 1.53132899e+01, 1.25000000e+00, 0.00000000e+00, -6.14458815e+00, -3.90097050e+00, -4.21513902e+00, -7.87480727e-01, 0.00000000e+00, 5.0000000000, 4.0000000000, 0.5551604167
         211, 3.26940895e-01, 2.13501435e-02, 0.00000000e+00, 0.00000000e+00, 0.00000000e+00, 3.36996843e-02, 1.42128847e-02, 3.27328843e-01, 0.00000000e+00, 1.53132879e+01, 1.25000000e+00, 0.00000000e+00, -6.17226088e+00, -3.92837125e+00, -4.23240567e+00, -8.13090257e-01, 0.00000000e+00, 5.0000000000, 4.0000000000, 0.5577263500
         212, 3.26940712e-01, 2.13501342e-02, 0.00000000e+00, 0.00000000e+00, 0.00000000e+00, 3.36996272e-02, 1.42128794e-02, 3.27328659e-01, 0.00000000e+00, 1.53132860e+01, 1.25000000e+00, 0.00000000e+00, -6.19495405e+00, -3.95439318e+00, -4.24683583e+00, -8.33746606e-01, 0.00000000e+00, 5.0000000000, 4.0000000000, 0.5602666667
         213, 3.26940520e-01, 2.13501244e-02, 0.00000000e+00, 0.00000000e+00, 0.00000000e+00, 3.36995685e-02, 1.42128738e-02, 3.27328467e-01, 0.00000000e+00, 1.53132841e+01, 1.25000000e+00, 0.00000000e+00, -6.21229539e+00, -3.97876195e+00, -4.25867144e+00, -8.49246544e-01, 0.00000000e+00, 5.0000000000, 4.0000000000, 0.5628559667
         214, 3.26940322e-01, 2.13501141e-02, 0.00000000e+00, 0.00000000e+00, 0.00000000e+00, 3.36995085e-02, 1.42128678e-02, 3.27328269e-01, 0.00000000e+00, 1.53132822e+01, 1.25000000e+00, 0.00000000e+00, -6.22434260e+00, -4.00123954e+00, -4.26825196e+00, -8.59790752e-01, 0.00000000e+00, 5.0000000000, 4.0000000000, 0.5654159000
         215, 3.26940118e-01, 2.13501034e-02, 0.00000000e+00, 0.00000000e+00, 0.00000000e+00, 3.36994475e-02, 1.42128616e-02, 3.27328065e-01, 0.00000000e+00, 1.53132803e+01, 1.25000000e+00, 0.00000000e+00, -6.23156700e+00, -4.02164569e+00, -4.27597191e+00, -8.65934886e-01, 0.00000000e+00, 5.0000000000, 4.0000000000, 0.5679609667
         216, 3.26939909e-01, 2.13500925e-02, 0.00000000e+00, 0.00000000e+00, 0.00000000e+00, 3.36993858e-02, 1.42128552e-02, 3.27327856e-01, 0.00000000e+00, 1.53132784e+01, 1.25000000e+00, 0.00000000e+00, -6.23474264e+00, -4.03987591e+00, -4.28224051e+00, -8.68468913e-01, 0.00000000e+00, 5.0000000000, 4.0000000000, 0.5705355667
         217, 3.26939698e-01, 2.13500813e-02, 0.00000000e+00, 0.00000000e+00, 0.00000000e+00, 3.36993237e-02, 1.42128486e-02, 3.27327645e-01, 0.00000000e+00, 1.53132765e+01, 1.25000000e+00, 0.00000000e+00, -6.23479046e+00, -4.05591205e+00, -4.28744946e+00, -8.68273964e-01, 0.00000000e+00, 5.0000000000, 4.0000000000, 0.5730746333
         218, 3.26939484e-01, 2.13500699e-02, 0.00000000e+00, 0.00000000e+00, 0.00000000e+00, 3.36992614e-02, 1.42128419e-02, 3.27327431e-01, 0.00000000e+00, 1.53132747e+01, 1.25000000e+00, 0.00000000e+00, -6.23263401e+00, -4.06982353e+00, -4.29195184e+00, -8.66201921e-01, 0.00000000e+00, 5.0000000000, 4.0000000000, 0.5756177167
         219, 3.26939269e-01, 2.13500583e-02, 0.00000000e+00, 0.00000000e+00, 0.00000000e+00, 3.36991991e-02, 1.42128350e-02, 3.27327216e-01, 0.00000000e+00, 1.53132729e+01, 1.25000000e+00, 0.00000000e+00, -6.22910085e+00, -4.08175859e+00, -4.29605115e+00, -8.62999546e-01, 0.00000000e+00, 5.0000000000, 4.0000000000, 0.5781634667
         220, 3.26939054e-01, 2.13500467e-02, 0.00000000e+00, 0.00000000e+00, 0.00000000e+00, 3.36991371e-02, 1.42128281e-02, 3.27327000e-01, 0.00000000e+00, 1.53132711e+01, 1.25000000e+00, 0.00000000e+00, -6.22487511e+00, -4.09192778e+00, -4.29999857e+00, -8.59276234e-01, 0.00000000e+00, 5.0000000000, 4.0000000000, 0.5807061333
         221, 3.26938839e-01, 2.13500351e-02, 0.00000000e+00, 0.00000000e+00, 0.00000000e+00, 3.36990755e-02, 1.42128212e-02, 3.27326785e-01, 0.00000000e+00, 1.53132694e+01, 1.25000000e+00, 0.00000000e+00, -6.22048910e+00, -4.10058318e+00, -4.30399534e+00, -8.55502758e-01, 0.00000000e+00, 5.0000000000, 4.0000000000, 0.5832611667
         222, 3.26938624e-01, 2.13500235e-02, 0.00000000e+00, 0.00000000e+00, 0.00000000e+00, 3.36990145e-02, 1.42128142e-02, 3.27326570e-01, 0.00000000e+00, 1.53132677e+01, 1.25000000e+00, 0.00000000e+00, -6.21633757e+00, -4.10799691e+00, -4.30819825e+00, -8.52027025e-01, 0.00000000e+00, 5.0000000000, 4.0000000000, 0.5858101667
         223, 3.26938412e-01, 2.13500119e-02, 0.00000000e+00, 0.00000000e+00, 0.00000000e+00, 3.36989543e-02, 1.42128073e-02, 3.27326357e-01, 0.00000000e+00, 1.53132660e+01, 1.25000000e+00, 0.00000000e+00, -6.21270135e+00, -4.11444233e+00, -4.31272620e+00, -8.49096228e-01, 0.00000000e+00, 5.0000000000, 4.0000000000, 0.5883730333
         224, 3.26938201e-01, 2.13500004e-02, 0.00000000e+00, 0.00000000e+00, 0.00000000e+00, 3.36988950e-02, 1.42128004e-02, 3.27326147e-01, 0.00000000e+00, 1.53132644e+01, 1.25000000e+00, 0.00000000e+00, -6.20977228e+00, -4.12017944e+00, -4.31766697e+00, -8.46879180e-01, 0.00000000e+00, 5.0000000000, 4.0000000000, 0.5909204333
         225, 3.26937994e-01, 2.13499890e-02, 0.00000000e+00, 0.00000000e+00, 0.00000000e+00, 3.36988367e-02, 1.42127935e-02, 3.27325939e-01, 0.00000000e+00, 1.53132629e+01, 1.25000000e+00, 0.00000000e+00, -6.20767546e+00, -4.12544515e+00, -4.32308339e+00, -8.45485867e-01, 0.00000000e+00, 5.0000000000, 4.0000000000, 0.5934602500
         226, 3.26937789e-01, 2.13499778e-02, 0.00000000e+00, 0.00000000e+00, 0.00000000e+00, 3.36987795e-02, 1.42127868e-02, 3.27325734e-01, 0.00000000e+00, 1.53132613e+01, 1.25000000e+00, 0.00000000e+00, -6.20648729e+00, -4.13044797e+00, -4.32901873e+00, -8.44983308e-01, 0.00000000e+00, 5.0000000000, 4.0000000000, 0.5960011667
         227, 3.26937588e-01, 2.13499667e-02, 0.00000000e+00, 0.00000000e+00, 0.00000000e+00, 3.36987236e-02, 1.42127801e-02, 3.27325533e-01, 0.00000000e+00, 1.53132599e+01, 1.25000000e+00, 0.00000000e+00, -6.20624959e+00, -4.13536636e+00, -4.33550113e+00, -8.45407824e-01, 0.00000000e+00, 5.0000000000, 4.0000000000, 0.5985857833
         228, 3.26937391e-01, 2.13499559e-02, 0.00000000e+00, 0.00000000e+00, 0.00000000e+00, 3.36986690e-02, 1.42127735e-02, 3.27325336e-01, 0.00000000e+00, 1.53132584e+01, 1.25000000e+00, 0.00000000e+00, -6.20698001e+00, -4.14034932e+00, -4.34254726e+00, -8.46774241e-01, 0.00000000e+00, 5.0000000000, 4.0000000000, 0.6011282667
         229, 3.26937199e-01, 2.13499452e-02, 0.00000000e+00, 0.00000000e+00, 0.00000000e+00, 3.36986158e-02, 1.42127671e-02, 3.27325143e-01, 0.00000000e+00, 1.53132570e+01, 1.25000000e+00, 0.00000000e+00, -6.20867975e+00, -4.14551881e+00, -4.35016522e+00, -8.49082643e-01, 0.00000000e+00, 5.0000000000, 4.0000000000, 0.6037056167
         230, 3.26937011e-01, 2.13499348e-02, 0.00000000e+00, 0.00000000e+00, 0.00000000e+00, 3.36985640e-02, 1.42127608e-02, 3.27324955e-01, 0.00000000e+00, 1.53132557e+01, 1.25000000e+00, 0.00000000e+00, -6.21133909e+00, -4.15097274e+00, -4.35835672e+00, -8.52323251e-01, 0.00000000e+00, 5.0000000000, 4.0000000000, 0.6062455833
         231, 3.26936827e-01, 2.13499247e-02, 0.00000000e+00, 0.00000000e+00, 0.00000000e+00, 3.36985137e-02, 1.42127547e-02, 3.27324771e-01, 0.00000000e+00, 1.53132544e+01, 1.25000000e+00, 0.00000000e+00, -6.21494123e+00, -4.15678833e+00, -4.36711883e+00, -8.56479891e-01, 0.00000000e+00, 5.0000000000, 4.0000000000, 0.6087889833
         232, 3.26936649e-01, 2.13499148e-02, 0.00000000e+00, 0.00000000e+00, 0.00000000e+00, 3.36984649e-02, 1.42127487e-02, 3.27324593e-01, 0.00000000e+00, 1.53132531e+01, 1.25000000e+00, 0.00000000e+00, -6.21946510e+00, -4.16302537e+00, -4.37644529e+00, -8.61532447e-01, 0.00000000e+00, 5.0000000000, 4.0000000000, 0.6113268000
         233, 3.26936476e-01, 2.13499052e-02, 0.00000000e+00, 0.00000000e+00, 0.00000000e+00, 3.36984177e-02, 1.42127428e-02, 3.27324420e-01, 0.00000000e+00, 1.53132519e+01, 1.25000000e+00, 0.00000000e+00, -6.22488718e+00, -4.16972922e+00, -4.38632747e+00, -8.67458548e-01, 0.00000000e+00, 5.0000000000, 4.0000000000, 0.6138695667
         234, 3.26936308e-01, 2.13498958e-02, 0.00000000e+00, 0.00000000e+00, 0.00000000e+00, 3.36983721e-02, 1.42127372e-02, 3.27324252e-01, 0.00000000e+00, 1.53132508e+01, 1.25000000e+00, 0.00000000e+00, -6.23118282e+00, -4.17693342e+00, -4.39675516e+00, -8.74234736e-01, 0.00000000e+00, 5.0000000000, 4.0000000000, 0.6164259667
         235, 3.26936146e-01, 2.13498868e-02, 0.00000000e+00, 0.00000000e+00, 0.00000000e+00, 3.36983281e-02, 1.42127317e-02, 3.27324090e-01, 0.00000000e+00, 1.53132496e+01, 1.25000000e+00, 0.00000000e+00, -6.23832709e+00, -4.18466197e+00, -4.40771702e+00, -8.81837235e-01, 0.00000000e+00, 5.0000000000, 4.0000000000, 0.6189716500
         236, 3.26935989e-01, 2.13498781e-02, 0.00000000e+00, 0.00000000e+00, 0.00000000e+00, 3.36982857e-02, 1.42127264e-02, 3.27323933e-01, 0.00000000e+00, 1.53132485e+01, 1.25000000e+00, 0.00000000e+00, -6.24629530e+00, -4.19293118e+00, -4.41920112e+00, -8.90242456e-01, 0.00000000e+00, 5.0000000000, 4.0000000000, 0.6215414833
         237, 3.26935838e-01, 2.13498696e-02, 0.00000000e+00, 0.00000000e+00, 0.00000000e+00, 3.36982450e-02, 1.42127212e-02, 3.27323781e-01, 0.00000000e+00, 1.53132475e+01, 1.25000000e+00, 0.00000000e+00, -6.25506335e+00, -4.20175120e+00, -4.43119515e+00, -8.99427316e-01, 0.00000000e+00, 5.0000000000, 4.0000000000, 0.6240819833
         238, 3.26935692e-01, 2.13498615e-02, 0.00000000e+00, 0.00000000e+00, 0.00000000e+00, 3.36982058e-02, 1.42127163e-02, 3.27323635e-01, 0.00000000e+00, 1.53132465e+01, 1.25000000e+00, 0.00000000e+00, -6.26460794e+00, -4.21112732e+00, -4.44368671e+00, -9.09369419e-01, 0.00000000e+00, 5.0000000000, 4.0000000000, 0.6266250500
         239, 3.26935552e-01, 2.13498537e-02, 0.00000000e+00, 0.00000000e+00, 0.00000000e+00, 3.36981682e-02, 1.42127115e-02, 3.27323495e-01, 0.00000000e+00, 1.53132456e+01, 1.25000000e+00, 0.00000000e+00, -6.27490664e+00, -4.22106094e+00, -4.45666350e+00, -9.20047154e-01, 0.00000000e+00, 5.0000000000, 4.0000000000, 0.6291725500
         240, 3.26935417e-01, 2.13498462e-02, 0.00000000e+00, 0.00000000e+00, 0.00000000e+00, 3.36981321e-02, 1.42127070e-02, 3.27323360e-01, 0.00000000e+00, 1.53132446e+01, 1.25000000e+00, 0.00000000e+00, -6.28593797e+00, -4.23155038e+00, -4.47011348e+00, -9.31439729e-01, 0.00000000e+00, 5.0000000000, 4.0000000000, 0.6317157667
         241, 3.26935288e-01, 2.13498390e-02, 0.00000000e+00, 0.00000000e+00, 0.00000000e+00, 3.36980977e-02, 1.42127026e-02, 3.27323231e-01, 0.00000000e+00, 1.53132438e+01, 1.25000000e+00, 0.00000000e+00, -6.29768132e+00, -4.24259149e+00, -4.48402502e+00, -9.43527179e-01, 0.00000000e+00, 5.0000000000, 4.0000000000, 0.6342700833
         242, 3.26935164e-01, 2.13498321e-02, 0.00000000e+00, 0.00000000e+00, 0.00000000e+00, 3.36980647e-02, 1.42126984e-02, 3.27323107e-01, 0.00000000e+00, 1.53132429e+01, 1.25000000e+00, 0.00000000e+00, -6.31011699e+00, -4.25417824e+00, -4.49838703e+00, -9.56290341e-01, 0.00000000e+00, 5.0000000000, 4.0000000000, 0.6368505167
         243, 3.26935046e-01, 2.13498254e-02, 0.00000000e+00, 0.00000000e+00, 0.00000000e+00, 3.36980333e-02, 1.42126943e-02, 3.27322988e-01, 0.00000000e+00, 1.53132421e+01, 1.25000000e+00, 0.00000000e+00, -6.32322611e+00, -4.26630301e+00, -4.51318911e+00, -9.69710833e-01, 0.00000000e+00, 5.0000000000, 4.0000000000, 0.6393938833
         244, 3.26934933e-01, 2.13498191e-02, 0.00000000e+00, 0.00000000e+00, 0.00000000e+00, 3.36980033e-02, 1.42126905e-02, 3.27322875e-01, 0.00000000e+00, 1.53132413e+01, 1.25000000e+00, 0.00000000e+00, -6.33699064e+00, -4.27895700e+00, -4.52842162e+00, -9.83771020e-01, 0.00000000e+00, 5.0000000000, 4.0000000000, 0.6419526500
         245, 3.26934824e-01, 2.13498131e-02, 0.00000000e+00, 0.00000000e+00, 0.00000000e+00, 3.36979747e-02, 1.42126868e-02, 3.27322767e-01, 0.00000000e+00, 1.53132406e+01, 1.25000000e+00, 0.00000000e+00, -6.35139328e+00, -4.29213045e+00, -4.54407583e+00, -9.98453994e-01, 0.00000000e+00, 5.0000000000, 4.0000000000, 0.6445132667
         246, 3.26934721e-01, 2.13498073e-02, 0.00000000e+00, 0.00000000e+00, 0.00000000e+00, 3.36979476e-02, 1.42126833e-02, 3.27322663e-01, 0.00000000e+00, 1.53132399e+01, 1.25000000e+00, 0.00000000e+00, -6.36641749e+00, -4.30581284e+00, -4.56014399e+00, -1.01374355e+00, 0.00000000e+00, 5.0000000000, 4.0000000000, 0.6470678000
         247, 3.26934623e-01, 2.13498019e-02, 0.00000000e+00, 0.00000000e+00, 0.00000000e+00, 3.36979217e-02, 1.42126800e-02, 3.27322565e-01, 0.00000000e+00, 1.53132392e+01, 1.25000000e+00, 0.00000000e+00, -6.38204742e+00, -4.31999314e+00, -4.57661948e+00, -1.02962418e+00, 0.00000000e+00, 5.0000000000, 4.0000000000, 0.6496694833
         248, 3.26934530e-01, 2.13497967e-02, 0.00000000e+00, 0.00000000e+00, 0.00000000e+00, 3.36978973e-02, 1.42126768e-02, 3.27322471e-01, 0.00000000e+00, 1.53132386e+01, 1.25000000e+00, 0.00000000e+00, -6.39826794e+00, -4.33465987e+00, -4.59349689e+00, -1.04608107e+00, 0.00000000e+00, 5.0000000000, 4.0000000000, 0.6522633333
         249, 3.26934441e-01, 2.13497917e-02, 0.00000000e+00, 0.00000000e+00, 0.00000000e+00, 3.36978740e-02, 1.42126738e-02, 3.27322383e-01, 0.00000000e+00, 1.53132380e+01, 1.25000000e+00, 0.00000000e+00, -6.41506466e+00, -4.34980131e+00, -4.61077200e+00, -1.06310014e+00, 0.00000000e+00, 5.0000000000, 4.0000000000, 0.6548248000
